89659
11318
51695
63061
16629
32725
87836
24751
32237
92331
32666
9833
42990
80596
1108
70800
71460
24019
12511
45047
61827
24933
90936
40283
15092
34451
11420
65094
2497
46234
35284
93304
93501
39856
20345
15604
31545
2046
32953
24288
16731
88364
99724
50888
34527
46220
70006
25657
70475
5505
90214
79696
44218
83961
17755
18983
95128
36516
34633
16777
56869
35113
88149
76780
83519
14706
4124
77049
48092
79579
13055
96872
80388
92280
35805
13020
76900
43192
23557
51118
85683
59747
93949
8840
69995
76193
16332
88659
54256
85917
71082
69306
67018
58332
78555
69630
37182
40008
18829
78703
81843
17142
2545
25628
95622
27791
11599
56984
95211
87618
68539
14762
74383
5613
47710
65073
67158
58852
7769
45369
31369
49866
9446
58751
61710
90746
90285
23805
68957
91244
92217
79394
95490
49605
67018
67731
19280
97613
85225
89440
99925
63509
45991
49139
16399
50171
47274
47385
31604
44164
14178
24770
86961
52912
22087
73885
8893
69790
77907
9327
69319
27994
9146
37694
84045
4559
63663
50470
61801
75619
65591
57045
27445
49482
52892
58948
76881
55632
16883
62757
17573
78370
46317
77898
91408
59385
98978
55614
63429
21406
51294
264
63471
7269
31212
8995
18458
34082
45260
70860
99108
75497
95034
52947
99398
22809
26858
80346
14126
16032
82085
89120
3792
59115
14925
11614
46993
64581
73911
28896
9658
80774
48726
69526
16968
7414
43200
12047
83958
80124
74993
54740
65022
62242
77587
19592
80827
50467
84517
98289
13145
52010
9906
90372
89748
83606
99665
6518
90195
32500
51546
34680
97057
58764
73312
56158
90397
38230
95977
99251
16758
58593
10345
600
10994
76718
50284
79764
1199
51509
38283
67165
92222
8885
58607
28878
84509
54842
10806
57409
96914
22419
41258
29348
50309
92690
89701
35124
89386
6302
6425
34062
9006
69333
56974
86621
21150
6769
35658
31574
91301
38416
27610
23101
70114
96194
26668
832
58820
45504
817
24498
12663
21636
98697
22631
40120
10472
47196
54677
2342
12993
51248
98495
23975
27095
2070
47387
95669
41478
27127
26205
12590
66240
57141
22446
14268
10701
43967
8054
87298
59659
59637
93572
81734
30124
29364
55514
40697
15517
96216
62993
59297
71184
38595
99202
59335
6948
37363
52802
65272
28532
9272
32414
57162
14884
61432
54426
78107
74074
67443
40464
72101
43161
58005
77021
19789
64808
10602
71111
50230
28981
68610
36887
89214
75272
1947
18999
44351
72086
2476
9315
55982
3089
57607
58457
47593
67451
17582
53473
57060
29060
19806
97569
53201
43026
84642
94851
60810
64268
30122
74182
99791
87742
31529
65484
42963
35661
77935
92544
70136
63405
9116
19174
10049
90686
94949
15655
25175
21543
5831
54786
50775
50327
83733
30548
88598
39914
54416
73727
78909
58221
22951
22865
82267
2030
65972
88235
92572
22073
22585
29000
53644
9287
37245
96855
11104
47280
32665
69184
4426
18911
37865
82639
13638
28659
80898
13368
72959
97434
20491
67971
96405
90126
97449
10249
71951
24034
7869
89408
66871
29994
93747
84586
79769
55005
73559
86804
75284
72621
86860
73457
19590
92549
97361
48137
58992
90360
6985
37044
42633
55612
67463
52962
81755
12902
67149
70164
27847
89580
9065
44399
70166
65436
63789
32515
38496
15967
32839
78733
31456
82501
14730
82504
64425
16111
45776
53982
42072
69797
81084
45514
5232
32406
54718
13892
24177
55687
10949
19827
10687
70193
17838
94014
98121
47490
36564
26757
59921
90545
807
46129
80936
25493
25090
17196
29316
40720
85518
9331
9733
31700
20235
67415
75483
88499
53075
93111
94471
85257
70346
86195
12459
2831
98602
72972
11182
35475
30786
27056
24278
92525
57836
9804
12226
64963
49381
1613
42853
48234
32908
77394
13138
29101
5338
17722
9393
17057
88938
22499