84606
71272
62321
77708
4022
84198
45823
4161
20010
42562
40738
58614
80108
80571
80580
65943
77845
90569
75200
46565
6862
65650
57886
64039
7104
90967
28336
32467
90376
51806
72981
50573
34213
51945
65495
93890
23100
52126
63178
44900
64135
13372
15545
58392
41819
99226
13132
88275
9467
84417
53003
64058
38134
72770
1738
39150
90104
47917
18431
27856
47458
21444
27374
26505
65738
74274
92694
36898
46675
47369
8714
5267
53436
29401
27755
69647
77460
59940
35556
78569
19899
85876
23827
40527
29961
24442
7822
76004
76215
31998
56249
75041
54180
11876
40455
65158
18047
75955
55180
69884
98717
48219
79331
41007
70254
86543
37498
89863
85546
26402
16855
35807
71628
87430
61121
26404
68518
70942
21167
30410
82130
25750
4431
24867
92199
66640
70006
94742
63448
14287
71862
24544
33213
22356
57755
58758
21035
27655
68793
75156
55922
14297
96116
70678
60938
70555
53460
72821
52812
63259
46524
92568
92629
92636
37835
60771
45408
3265
55143
59307
88957
7056
3373
87947
3380
16726
79903
67953
32030
24960
23419
65670
67072
28838
33493
52359
28015
26457
2992
53097
59225
64563
14390
27308
16480
33127
57098
83921
57138
41615
51873
97250
78588
32895
50346
75171
80920
75410
31222
29299
47331
50519
21601
28092
12155
19232
70560
86115
19106
22993
52525
10912
31687
37850
46974
50884
4263
3392
91009
16226
89803
54761
32925
71692
45020
6119
49018
46752
20682
46210
31078
44650
635
70114
45588
56754
87898
32741
69709
18631
68600
93652
66715
14476
40254
83337
96180
68444
63669
39160
33597
15087
86507
92419
52556
95503
7447
85634
49065
26671
9296
9085
37178
27590
53017
63344
47702
61081
91166
15543
45957
20144
9918
41800
56013
1791
43225
99565
3808
41460
98120
16866
32165
54148
69502
63302
97704
42677
22100
88519
28439
44857
8721
28786
96434
38950
17446
53720
69379
21040
38089
40260
27548
88247
93005
73748
8289
46897
62595
73118
32213
73407
33544
43343
78104
19780
23306
97734
95976
80642
34076
15979
91263
76024
32841
6116
83299
10459
1547
44885
13404
19326
39614
912
30169
49115
36012
77802
52135
64803
4623
76908
39131
85300
8423
23581
90738
61964
6811
68097
87118
58204
30411
18683
60768
71394
94540
71733
49440
74811
17512
84865
20453
94654
11949
18815
31137
86642
74278
16601
24942
80938
79907
23415
31759
15079
764
65975
62310
12819
90825
35911
26376
53158
1336
51975
10984
74626
38610
49255
59033
61947
65943
33550
47127
52216
64405
25262
84481
39511
102
40931
47678
43942
57941
68639
21135
49712
9066
29427
21175
94980
588
14193
33587
8398
77354
38963
14667
63102
74004
11656
99492
62167
8303
82419
57713
7914
51198
1149
2445
90913
58874
80837
33834
92803
392
94642
76972
59065
77430
43709
33999
27329
92362
30976
97057
20393
4584
36328
92145
79875
27839
52742
51008
39408
3177
15961
80641
37186
42819
68220
71846
44224
95405
83489
85322
81308
55338
60398
21206
93914
75980
41805
21335
35894
40960
92842
37868
79076
43870
82561
4405
70516
53512
59272
13491
78194
37568
10215
68925
43925
69911
30993
11783
34818
12769
40113
42418
5336
95174
7251
41652
18404
94124
39326
86541
83060
99092
83810
92859
52555
38423
21387
47720
1203
18248
9572
59425
24526
61080
30112
62179
49708
49822
21471
72829
35428
74651
62148
94778
55909
27177
49788
11385
80946
76436
61655
41639
11206
14505
41194
84931
23092
7022
27697
19823
67047
10734
63825
42618
79482
36032
4319
27736
11523
20098
71737
3146
37173
86701
46773
57152
3846
55527
14378
59863
31961
54364
20630
12477
9560
68896
50287
94899
4792
18541
75588
51581
47305
41026
92422
28033
54691
44856
6881
35841
11153
94663
60244
30737
16876
10237
25709
99482
59308
83469
41503
5518
92201
72102
55728
93793
69217
35645
49506
95419
31629
91031
28960
92755
26748
13053
80973
17928
80913
4967
99529
81062
85592
51141
41083
12842
35142
18198
74153
35159
96064
63746
29773
2802
44482
94176
61996
97993
67554
77475
95287
88441
28230
92953
20945
85122
82201
30330
68186
59043
66485
35462
7252
29216
39202
17276
24506
62273
55896
12899
1039
37143
84180
34178
20551
79129
97418
90316
36682
60232
75937
77873
3301
30626
97313
41729
24303
28912
73620
83793
2410
14561
98819
15167
9612
93162
368
57475
89734
86130
87225
11058
52807
21641
79729
52811
19858
21678
49176
28750
94535
4026
49672
48870
35030
70774
96285
75888
4367
84384
76099
10317
63166
54508
58661
57382
21073
90234
45892
14926
69646
70359
96717
23507
9214
25527
34774
91967
29597
14914
57658
56099
28975
97617
56994
72690
20673
31417
48465
80135
25857
22931
48392
14217
42510
54305
26452
78796
52991
56268
61586
87281
34130
36979
79276
5164
52632
60125
67981
26848
41853
37216
83458
96232
99528
3234
1649
22038
64219
56960
18361
14665
59012
93300
87035
62503
32082
69588
45156
33476
45196
5984
74586
76201
23914
41673
249
19776
69061
12844
97569
96401
82141
1688
97995
92298
51444
8306
75588
13954
67579
39364
86125
33792
99997
26392
70559
93479
38761
8430
44687
56949
30165
74390
77552
77860
92130
96795
2585
4658
19300
10584
1532
45638
98109
85997
40327
13892
5904
59936
52429
55505
55594
60142
16179
96419
71867
48123
7205
78412
14630
9115
87678
60804
86934
86678
24955
53642
20954
88129
52630
95722
45063
15359
82235
30922
13752
86537
96726
37718
33077
78583
44737
74694
55349
15119
71945
67753
97749
88764
41759
29702
70481
3327
32138
54514
40350
92430
32495
82590
7223
13850
5905
20079
56826
55756
87916
17738
3310
39159
62574
52351
43710
86166
53502
27449
54968
98539
30576
10239
14687
11603
33597
79565
63190
46967
45973
58008
99639
21054
77226
75312
6479
24833
26969
17422
25499
95994
78195
46463
15426
70218
62767
31461
93643
1475
35290
89720
59845
59308
58088
4130
69312
29249
35727
44321
18196
91515
24149
60647
17423
43129
91851
18415
80849
3908
8795
75897
30570
11310
86679
279
47121
6791
37567
13412
68873
10154
16412
30073
18471
87292
6289
36967
86716
12359
11266
88425
11386
50099
19341
58841
17910
71081
97397
25098
6738
98627
67026
5154
16640
12623
31912
75296
93494
56085
48804
60271
68439
82053
2726
14024
97575
19199
52338
68307
85288
92440
10188
86835
62584
13404
67083
30505
14575
75288
84514
19685
13442
73917
93733
42313
24324
53717
38712
79084
71572
88346
96444
16041
54344
74330
36522
39057
80346
15175
80754
28036
64970
16048
75912
98030
56515
2624
22440
29051
66194
77519
67900
2057
54173
51727
82973
43839
26023
21987
51056
717
36789
11066
21831
53811
60646
66883
31128
24618
54745
56364
52481
77463
59439
13208
99669
32008
24357
56307
93906
63426
19676
2919
10209
137
44582
6057
57707
92913
77645
66976
78509
12111
78361
34657
69411
29288
10064
54539
54636
86397
32958
59032
12069
48199
89698
37645
84522
72481
33466
50815
49295
16761
96605
76733
99265
28852
8609
71508
63559
99206
63741
98592
2162
1788
43068
62295
81918
8541
63681
95199
78934
74505
15149
6644
73707
55275
51050
99795
22909
97299
57072
27573
15216
99942
39404
97640
16161
50595
35683
41258
11622
83526
14272
1632
81448
68255
3712
1850
52218
12042
84395
14980
70488
66749
22793
4085
31870
18699
70238
98265
16868
66766
65300
5964
77759
23373
95342
47395
45153
58915
3112
99234
88645
79901
94643
75135
59748
61705
28221
27043
90516
97286
18226
79311
51617
79684
44988
41581
44916
94805
16814
64129
11788
84878
27511
89841
71239
48570
67232
10058
81168
57597
2222
65826
74836
