69800
10008
59362
86573
80275
90235
39803
154
81673
68584
29967
33815
36740
43891
66789
9793
62724
17385
91016
59457
54974
95039
79583
96502
51880
54766
41116
79295
11465
61211
3088
72403
58229
93367
69488
90935
38026
80592
55753
40321
48547
97090
76335
73736
21713
92095
28226
62012
77048
47071
37604
75513
48465
81068
15712
19899
33102
28637
92767
13749
64410
80484
44617
33746
24394
71341
65898
51200
90387
62634
78104
97538
7481
59494
80979
33964
21920
57577
5559
61606
41462
76511
94882
47974
68262
43103
4460
31028
41261
83834
17319
84385
35027
11379
67368
96607
14975
95109
82876
83084
26848
63023
69972
17481
16940
96791
56775
5322
62282
48196
13283
25693
24041
12002
46759
88898
57819
99820
61357
99199
41896
10186
78330
81543
74903
98817
96938
53246
35083
89008
55279
88881
82931
61356
93059
86868
179
23779
28048
24940
10746
48281
32359
68960
73091
80601
22927
1736
9025
30899
3095
71060
40575
9350
8782
70099
26266
981
6985
72257
31897
1398
76162
28361
48442
81733
35332
92821
73397
43865
33102
35059
58370
65566
17358
83361
4981
60544
37997
34859
63986
16912
42619
99041
43323
44003
84398
92886
36882
18441
72925
65854
43314
49619
74958
71030
9780
22384
39437
33372
31342
30589
10436
72561
51189
96199
87421
36828
32277
55565
7406
919
31802
83019
53436
77869
36917
69636
72059
9123
30340
37089
98674
13458
99004
51367
85131
68433
51667
33178
24105
96536
74802
44370
74246
29423
10895
84349
10536
55137
76744
87031
86193
25801
85572
62388
82790
42153
20939
35123
30342
2204
60627
89221
54344
27739
26575
84444
88848
6377
19179
40752
33969
93291
4388
12614
99787
86067
58085
24025
21859
43078
18940
42163
73420
58776
76706
62476
22530
73419
83650
17595
12534
21861
37831
45872
21543
31170
18062
51726
24512
87334
70749
33771
51535
58917
16407
95922
67208
81277
37120
40501
38514
25564
70319
42256
69583
42201
43902
36204
64037
23888
32393
89145
39483
27622
4223
80718
55036
52017
89684
27753
54198
83693
71728
94844
81991
81298
68242
9412
89395
40486
29686
78573
76675
92974
89246
60387
81813
5719
3916
50616
32836
27936
23824
11251
85835
29558
54930
84525
86202
8366
53027
1338
82110
90847
80206
1568
33094
36766
26801
21450
81031
64851
12079
66920
15180
45873
49116
80130
16695
73114
9082
29932
88914
55468
66210
21892
85858
72473
33186
78543
75116
40371
61291
53687
49108
65452
13823
98808
60591
69205
69551
2928
35452
19819
7706
25756
42078
18597
21180
17487
70289
90635
27454
27267
82131
85969
55825
50578
54724
75975
52524
8916
50590
8120
74173
48024
44041
73207
82422
39113
5873
8441
62435
76787
42817
17393
28341
79258
86872
35723
6110
99047
78975
40677
23358
4257
78601
56654
62872
89031
76730
74029
75716
56534
24297
8742
95777
13638
17674
55342
8661
94080
8542
48432
89908
85811
2594
4490
72581
91526
54085
20348
47584
899
19395
7117
33869
93616
43038
35639
6986
67885
35911
33171
77391
66350
51376
4544
30545
24106
71605
99458
29836
60810
62675
9086
94705
53099
12638
71709
61679
99002
56666
7487
41548
79367
10296
72058
5135
97773
65468
80148
37441
2321
42117
19265
52202
70733
60064
16836
79012
74825
64554
84706
60079
98929
96347
35443
9087
88259
72668
24234
53329
67647
45404
41626
8038
67565
91916
71493
98530
66949
12314
27067
5803
11626
40346
95525
56682
14167
98715
7685
82128
83076
56513
15540
60213
8103
23253
32628
28867
43726
20406
11230
74538
5550
24024
92093
542
49550
16838
27640
13782
85144
26584
98088
89478
74642
99239
12497
12031
35085
17649
77593
68094
77851
68148
65826
133
78754
82304
80708
26128
83416
57840
39300
86442
27041
19234
81922
67559
49639
99823
94542
55479
11617
46672
56395
19596
16301
91560
74449
24526
20221
77180
31944
91386
72974
17640
504
59691
43310
94427
82864
48031
93810
64549
23099
27682
53225
26493
63884
69735
57838
98684
48230
6708
7841
21911
67411
6212
78604
87507
79951
85121
73001
80068
73393
85577
98585
2077
22528
18570
80097
85212
56801
73647
33914
85256
73829
11546
27109
21093
2829
24759
4411
54652
91860
75148
71478
69676
73190
37729
81636
32199
28185
35725
88655
29360
12537
55676
54538
64342
13550
64869
98029
89676
42572
82835
62454
85306
80310
53829
7820
30545
23856
20147
11505
86123
79680
84777
7563
54906
48088
95187
44875
97385
60494
88552
41111
48988
50734
71124
94613
14648
85371
58103
27794
67238
80220
43172
86337
9821
43994
97066
70814
68111
50371
81664
57039
23928
62304
99803
66769
15544
83063
13891
84732
63436
2560
89459
68790
21759
74268
1157
79970
76503
89515
45182
441
3584
26005
99530
7941
17536
78423
91377
62270
13660
71921
42558
2011
99986
57162
12228
63766
8534
16911
67466
62564
37868
697
89266
46953
19996
82112
85560
57003
45614
8647
44109
39574
50523
83972
45712
46273
93542
99380
29891
35965
77370
18467
91784
56904
18121
89122
32845
74960
19228
32324
82051
49655
35182
95883
71656
37077
29424
48140
28909
31726
3327
93948
20210
26729
2552
2208
6012
19699
31435
10258
60162
55347
62123
77576
94849
11215
1269
11010
80671
34619
45210
86513
73239
37414
85872
71784
74650
99501
89281
58838
48673
65349
65829
1658
94103
46960
75235
49789
64615
43052
6895
64966
76174
348
90282
79275
48865
9699
72606
44097
29202
86338
87292
37042
29018
35062
68356
20290
44240
74136
32434
91465
47895
88764
15008
42199
79640
9230
19548
35558
14031
68532
80550
78417
30060
67576
71667
4153
36879
77867
30503
15071
63159
7417
60249
92257
46666
4814
67213
66499
47449
90219
95230
61666
67797
9684
43702
95872
24005
18061
45173
26799
38422
15873
4315
12075
7715
79142
78224
52213
90789
3778
2728
25295
86208
99163
58959
96085
59969
81086
22076
89659
45790
58268
6227
65536
11607
52649
64478
99047
25500
66610
71937
45725
58226
19583
40811
13859
52176
9506
86932
73819
61001
37892
29826
98473
66173
33583
90929
48564
13383
19560
85713
70894
72942
30685
93200
30594
59625
19064
16440
86830
36087
36327
24002
97256
72335
29744
37777
70378
77526
49814
83079
33748
77538
53768
40835
50306
79586
64109
10039
55622
88231
15444
64977
50000
45468
9174
23328
47106
84360
5256
94648
86389
46472
53845
6457
33966
92460
18561
32094
40043
78281
66679
40607
88352
93422
32931
86834
53875
82971
14306
24016
843
92329
49552
35384
79817
38233
12268
11721
65883
54006
4457
537
64421
22937
90264
87918
13229
57593
81956
11212
51066
58735
84962
3646
61276
25883
71809
18259
22245
90164
28790
672
26076
98079
23379
20100
88982
39960
33288
5513
91394
27968
3568
36421
18476
65171
37568
90637
78992
59391
26005
38649
29295
73741
31223
66386
57951
55154
55810
13359
13670
79655
40830
85668
44717
7123
57473
51723
84876
89804
82173
34450
68512
79870
94634
84699
58852
21946
17739
59178
46928
38047
38535
84187
60802
20652
11053
28154
79189
17724
49388
38912
89617
33800
17161
4937
25679
11896
51497
28579
30766
50788
10437
3829
79117
55161
99528
80700
77430
82522
11781
65529
23570
43548
48224
74886
5207
62752
44040
73526
82086
56914
50012
547
63022
31604
65382
9890
66653
31236
33585
29340
55646
62325
89264
41018
67206
93161
25687
28384
37304
87504
2114
27520
64697
66702
6468
65551
36801
39063
71011
60689
7755
29819
7197
52815
34858
43427
53429
81553
45974
77217
2888
48035
63977
63933
66988
13817
74782
39050
1956
26724
73190
10486
12382
34563
77569
14075
38326
41820
35057
48854
53496
89751
70477
79206
56668
99711
13101
78334
13753
19389
95281
10009
75721
9410
2762
64802
78046
29601
32624
81120
61217
76931
54752
1237
25463
19891
41688
77877
90182
64079
11367
84314
78117
70493
20503
55133
83978
38136
96825
49622
3930
20292
19363
76874
89189
68044
36443
98057
22480
25295
64639
77502
36168
51988
69568
77175
31475
93686
93031
95637
1316
99098
75236
9535
19809
96070
72528
83341
30734
13885
7199
71564
74732
15614
72563
10537
41404
99021
93008
40615
56871
32476
4930
42720
20266
57464
97739
87396
51900
69012
61201
7647
31158
1124
56575
72858
70066
80050
56672
57209
93431
21333
80562
42615
26005
88592
18332
35254
28061
64366
24630
41578
25607
59777
61435
47796
79323
34165
34338
32484
66572
61734
80780
10357
22607
65146
18526
28559
5071
53454
3691
6240
40420
47103
30577
24229
67178
122
91647
41980
15609
47092
74619
29898
69045
93310
43319
61053
66250
33483
59488
87636
71862
29766
47600
59638
11803
4269
62368
10611
32024
81474
58026
73644
89705
51191
20501
98132
3370
57027
12394
57352
95294
91348
73666
15575
91126
17765
37017
6401
43843
41189
94896
99173
68369
96846
54640
49965
87103
28507
76962
33435
93574
79929
5104
41564
23052
59116
67937
45795
8214
32419
59813
97482
36598
55454
87097
98014
70386
42973
22832
22457
1177
26117
95640
35654
19567
29054
43442
29265
61726
95470
89002
17415
82395
87530
81631
17143
99516
76088
4374
37842
80289
49692
70000
59364
82911
49500
79519
86497
6278
82795
75712
80700
7331
28921
36995
89816
80658
29939
75433
43310
12075
29286
12445
49795
61699
49968
2472
70666
45595
81914
43413
9930
71128
63940
34450
23880
37647
92147
79689
56686
22167
74636
56786
88663
94361
45107
27888
90341
43930
36572
29981
6935
38045
25994
72712
92046
77670
52613
25869
36378
90044
24668
25924
33027
81000
4630
72484
36351
23689
78054
81563
68635
82423
69175
43134
66896
6544
67025
48153
19423
96379
54097
40305
5808
67115
43964
39737
62389
33241
63333
56667
87189
68232
49685
81894
88033
57528
11025
89572
11368
5515
5665
10632
12532
97569
15884
19622
15262
34808
8270
14382
61482
45179
22241
79368
17267
52648
74804
52964
29529
10348
96364
88594
89759
63034
24538
67341
72884
69480
6149
66813
53038
21430
44128
52997
80244
17308
36986
19783
49592
74479
27353
37270
40585
30371
12625
67226
31732
69396
50284
24549
43875
8848
64953
23931
35718
4238
16140
74992
6069
71653
11119
13593
28162
52240
97579
5075
97110
66698
82026
54179
1460
76809
1564
68651
74628
83816
57771
82500
77613
26144
14297
68310
64681
91808
66467
31696
28928
31731
68500
67079
37162
2141
12190
44614
18639
16114
99178
78391
67921
49917
73757
37780
53679
43558
33322
31855
11346
24861
54581
96738
33736
39573
8561
66382
3322
65536
60673
59146
59606
59582
67038
60862
25753
98393
7079
77197
27502
36059
74483
77017
85938
87109
23492
36841
75285
54528
98917
63473
15343
90650
18667
45926
63608
51534
91160
73234
38585
47211
77627
11930
96237
69263
68587
27779
64902
30661
20313
29496
19610
82498
43332
41360
20659
71104
97499
35141
66734
70320
32964
52467
6432
81548
30579
11190
21549
1076
38095
12316
95909
34673
83902
64970
7447
99896
15587
66742
65115
1774
46220
55941
47582
55137
6328
45475
67941
22185
95142
41530
6052
89506
12213
77452
88736
18702
73280
79148
18112
33411
24813
57670
26976
95229
80921
6233
64573
56836
84000
27008
38063
46317
11326
19210
46038
79808
31963
98462
32454
22268
34121
86441
95859
73054
77590
24190
44114
19883
24386
61846
55367
17457
20920
68508
73664
17067
3663
8590
20364
27257
68325
48992
39488
56889
14345
82284
87095
54995
62096
91689
27500
5364
67585
71312
93178
432
44414
75341
28094
22792
99640
22675
8818
45528
38748
97448
84108
10791
89333
42157
52652
1621
16666
20210
91586
27047
28695
68711
66296
8557
24331
54218
99774
93025
82254
93375
38615
46648
53601
86846
87882
68796
39426
67026
27951
41285
7416
23347
74833
20528
47492
75391
79015
78626
17853
82680
88914
91742
83476
17720
90301
27311
56221
14284
62959
37886
82397
31576
25685
56410
78311
28115
46417
83489
18613
43633
63899
64401
61549
72913
50359
9462
74602
68961
68498
18286
31565
25387
63794
53924
70134
38530
57538
1029
63454
53328
62928
4943
70435
93299
50999
69289
80663
85355
48727
63185
3943
62422
63921
70462
18369
37058
23865
86579
51212
58756
23953
92187
65751
97081
55943
29210
81722
80897
8893
58509
50104
53926
96378
76031
12389
30734
32599
11182
88662
39958
41256
75251
90134
62852
56613
59777
80866
34636
14800
50530
15552
39070
11712
37162
11452
95530
97860
46342
880
81760
61682
26706
49915
53968
34195
54031
40967
10152
92544
86610
20622
66488
69219
63266
64654
23012
49423
94543
2969
47405
96760
95960
2920
57524
26276
38421
35048
25603
55809
59069
30145
32804
17911
2133
6508
64232
80608
96775
38091
277
97681
71455
88716
42363
97068
98387
5122
30374
45275
19985
69078
77174
95300
69874
81506
71681
81387
6314
42112
83966
17555
95878
77752
66414
25469
55797
90769
66543
62801
76072
49739
56076
88560
4522
90727
50220
93583
11183
49819
34497
20831
41789
18960
45826
75751
97146
81798
73178
56945
29162
46258
25205
99603
69618
88663
13261
76169
79998
76208
99578
99549
81068
37539
36066
46537
36443
5242
99729
33744
18437
79811
56243
31614
52776
18563
97700
23212
28074
85485
58625
26507
65012
15550
80552
57051
91092
31797
43258
9532
25421
4459
45091
35769
7980
59232
78243
61400
84182
23993
37543
21508
97080
5685
26128
20309
47817
39320
44001
90278
73115
31679
6413
78731
67093
15508
75345
72483
5305
94985
99955
23593
20917
6399
8507
86762
35701
5610
72516
65310
44600
7288
43747
70327
31442
87183
11143
27859
42908
93409
44064
69108
2008
43837
62935
86235
88736
81714
60319
48085
80652
22677
30944
18893
19899
32532
17083
12263
38452
77617
83533
64259
51455
5235
36438
49131
97772
59989
26733
76717
14726
86781
40688
6936
82612
82446
68122
55081
26877
27078
53052
37246
61895
73610
34906
31061
43344
75476
86674
67617
632
32627
76187
64238
56115
11301
90381
95103
78957
70726
38106
42421
46506
39672
48155
38269
45658
78413
97991
85312
24933
44639
77919
47717
38564
64050
90144
97985
33770
7542
20276
47311
73174
42642
52892
66893
48119
12230
72350
13514
97208
29327
72720
8946
8486
29111
1338
65045
43492
94465
44947
28484
24441
85727
70095
823
29051
47922
90195
43982
35298
25797
75339
75342
55315
53339
73610
65720
19814
25380
3557
23308
52181
77479
25369
58830
93329
90335
56788
9295
49727
76103
42049
97205
62736
82606
17755
53069
82526
84461
61708
43055
25083
51153
98771
46872
20091
20089
88850
23978
42634
46754
55445
45212
72242
79772
87762
88052
24300
89929
11538
73748
63200
55385
2833
9754
84542
96438
78834
59892
52581
74846
54152
29525
81282
85511
25098
39029
79802
34410
73475
83426
96196
60236
41497
65669
53645
16153
61067
38409
56540
34667
63160
63300
23730
84687
27623
72996
22601
19574
43112
4404
60140
23661
71629
72578
64447
88646
18798
57594
89577
51600
20124
47142
27511
37234
85197
80511
3813
35614
74051
65330
43006
22017
55017
26493
89473
65301
44467
60950
57121
32976
2766
83249
78353
97239
77338
66083
48989
25333
83037
88792
67090
82401
14612
73154
12635
10588
26177
30263
12946
35141
21245
71470
5497
51265
58558
21046
84302
30560
60037
55753
6511
57776
16326
54510
26313
10754
7876
20900
35945
43475
68763
91830
45887
2395
18039
4986
80150
45052
63524
91605
24817
40062
21273
5493
7210
28771
74137
62736
72219
31978
56552
538
117
81284
62481
80057
2578
1061
48507
76998
55555
19195
58400
863
30991
89532
88570
2893
8014
86097
58532
33898
90224
81001
72373
19195
87319
5958
76446
35192
66108
12097
38535
93717
91678
71794
44575
35206
80211
46851
38375
8338
72134
79775
63461
79532
39444
43906
16660
80386
3439
2360
1724
64281
53422
85594
192
9571
59438
33314
36399
3265
46796
92084
6998
44587
95800
26392
75563
51182
18945
79210
65358
83070
41534
10210
64291
96174
74464
25770
68562
20458
20074
31766
93212
60115
69664
86854
8964
93762
51750
55038
89650
59838
95149
38343
34591
22992
73947
52766
34178
38261
21279
56492
64402
23996
52444
97753
65805
55664
3938
50706
98401
33699
50341
54795
79671
98440
60289
56034
44185
87816
37158
65178
58652
53200
20288
43687
63963
27832
66129
21721
49445
41683
8722
45705
96320
49784
29848
3105
27001
35636
5822
80267
47384
53211
4634
62981
79527
61801
55098
89401
57121
88470
19933
72495
2096
28979
68686
7779
42111
68150
22563
75563
42538
11090
33591
74947
70464
31548
39782
10274
68934
61481
41251
99601
11216
66504
65597
43257
29001
40051
2717
52933
84734
94628
52555
35284
30066
82603
86122
93208
7046
48057
50940
31128
52532
87001
95286
52128
80233
28033
95614
62444
40614
81625
98171
83485
1804
13855
37648
49748
71034
18997
25789
57904
17187
39867
50874
78703
43228
6059
5743
74201
70486
17463
1048
28378
9976
36197
60633
24753
69491
8886
1624
32743
88217
73925
20106
59957
63092
48561
10237
93199
66871
50016
16597
45705
52871
81311
11553
72658
97313
73750
36903
5732
93684
59694
94304
25350
3493
40450
20184
23301
66217
87458
77163
79227
93496
91907
39858
21441
23706
22200
6245
42486
86286
13944
19844
77421
51764
26607
91702
91582
34458
62817
26313
42854
38262
7784
25553
71018
94634
2969
70747
70289
45113
58572
69918
1833
24423
1031
48460
12262
1053
30428
55153
94346
77632
96827
19714
59030
69246
32220
62575
69714
13180
37191
82585
43067
20453
20653
18531
93114
6389
97964
34498
28778
72658
69374
53876
53014
5926
46071
27377
12700
73399
4302
48392
56000
28609
53357
46163
37062
50720
32143
30171
44470
94556
17607
17555
81814
34901
75939
16659
54091
35080
3818
15121
42449
28489
29250
54763
63989
46083
83043
35488
43774
88801
49455
25092
87290
63793
13913
99429
21278
28269
81415
25384
3384
78081
23831
28709
99959
77796
14687
94624
77492
2191
23722
64950
56925
70263
20008
22495
15304
4778
32125
94864
47136
37409
57723
94249
68158
43680
92986
23639
99063
13538
25212
86286
1182
42717
66464
67242
57487
38008
44361
22646
21049
75356
24840
56011
73357
81766
23618
49510
10440
90094
49230
6946
2643
75229
27025
22358
40528
23280
59559
88931
66148
13981
7822
7798
9264
38878
77210
83123
43610
31398
56151
19452
1236
34954
90378
51830
93498
51699
41127
97299
62984
10187
93452
90353
88604
38974
92677
47597
66266
20796
35402
10808
51291
46868
25705
70106
24263
29247
89083
78970
44604
6061
20928
94055
11661
77861
61166
61229
95791
40995
73305
26090
83666
71301
73173
36656
42545
35162
63418
43876
96151
65323
41195
20533
43899
66050
21313
79778
47346
92177
43917
92557
20506
89416
89134
21408
22053
44204
54590
86710
62827
6733
87242
27401
40930
97043
86213
59664
42629
72730
49095
55437
82576
50502
61739
78819
70036
8842
36363
82064
76215
78471
57134
44844
16129
88926
94201
25617
60638
5626
5914
8878
12034
3028
95119
96755
10936
15452
662
38479
22381
65403
95522
31699
41170
96285
85821
23078
44163
81409
98123
84945
16014
49043
82943
25689
85086
9552
61601
7908
75445
69659
75379
46521
85883
24028
89278
97528
70923
54031
16395
55098
97515
62507
44132
28751
78303
13586
75369
96278
97247
39204
73096
63318
78735
41125
55236
44473
31677
5224
91559
41409
41832
71399
26761
23766
24986
36378
12704
23315
14720
43576
64451
89663
81014
29034
37928
3703
66496
62867
51496
78391
15345
24517
58187
24486
78662
58278
90475
29360
91969
41755
15619
79704
12625
34821
37352
8418
44697
68670
18096
57694
35710
19899
59427
44083
45863
73243
57494
66741
71699
13950
21849
89857
87557
19964
12476
28459
98243
5840
68855
272
10331
3618
50510
83506
8071
26383
70584
79413
4071
86075
65841
87098
69433
7996
51651
18864
13190
81863
85554
76690
68463
28617
72661
99464
15752
55377
70697
22539
82130
14860
81249
31726
72367
93376
84568
97195
40566
53998
14592
60306
34114
86580
87925
72482
60165
50711
54557
15028
53351
37582
59855
94358
19244
10056
46415
15475
23998
1361
11473
47168
50504
47805
85108
38015
29241
48606
88149
93650
81136
94559
10984
53135
2580
43535
41661
42616
47509
49112
79867
70579
37035
86768
26309
86748
16156
59766
57367
33823
84730
38987
67195
87923
2508
47265
46089
75672
83094
89987
27718
67127
4977
72559
44404
67298
38692
66227
99369
60210
51401
18261
26046
20490
97772
51545
77858
74471
37472
94272
760
97627
54319
55250
16595
68518
48201
98888
88884
67235
48204
40610
9762
30482
79643
21574
4962
3574
84256
51008
11892
89861
86195
54183
95520
48268
94369
23721
95414
86568
79614
30613
45202
35984
39707
64428
54082
38143
24407
78870
91545
30620
53256
30044
72580
7074
75308
14857
63398
41362
72729
32830
40952
33730
44836
44882
56281
35706
80442
92976
11311
34626
53357
29626
36615
54822
20234
26049
43639
49018
55133
22993
215
52182
21940
41656
30983
64455
93339
93203
84605
77439
5197
82875
61306
67164
60826
73714
87534
96053
28920
40610
54624
83868
10058
63263
92291
24237
86835
38712
5257
57230
99966
14456
18018
64232
51761
21046
11454
44771
91220
89294
65126
20930
47634
44381
93553
99287
98636
31746
40463
42851
6758
37400
80693
62851
82775
73674
63284
3321
34989
7603
885
64582
41329
3635
39824
62156
71604
61764
43312
66854
98549
69481
15505
82072
54050
14478
42840
42808
56027
98785
2422
34481
95363
85114
57580
24479
8208
48732
71396
71772
68630
49175
6318
46426
27965
10300
14210
77335
73291
84561
5021
75584
2924
85096
66397
35256
35762
13819
31079
64145
88028
35927
99530
20388
70442
35586
96564
18454
78870
69466
39373
34814
61664
60770
68267
66929
68044
35396
52767
29292
97766
78238
79686
18380
38264
5841
73580
38587
51966
44810
62005
69983
78009
36697
25920
3355
59898
38990
17078
90559
39964
63686
90837
45615
72149
64543
44128
42904
88746
87005
69814
12650
17545
36433
31015
69788
77264
34108
9952
34422
4358
81924
64330
8670
44235
39239
61516
27579
10900
56991
28135
97175
96689
4180
95500
59852
79417
34318
30013
1781
26903
19918
56323
82296
12201
88578
54688
39710
15103
4265
60847
27958
63997
14316
98093
35572
33353
91863
68683
53729
53024
54072
1953
84381
77503
27861
26705
80548
54637
90941
2659
92102
89488
41737
10497
4588
97164
61925
55151
47636
70730
81435
43230
46206
48746
70159
55669
94660
85470
70098
22735
52728
90317
51236
81264
51442
15439
57388
28011
13580
52351
73500
7822
34740
4581
97238
96471
5411
57476
29972
59031
25184
91721
7265
69052
62308
95172
37334
9174
54499
14396
86760
89444
81887
60235
97762
62476
31370
70980
60454
61287
12096
2516
29600
99655
222
23335
60865
12647
4987
33018
97011
4567
98075
63226
29841
30166
17791
92793
43370
77515
45294
23447
45829
48366
18070
91337
50408
82477
9117
85821
89762
16471
97283
44407
40234
32963
27454
69686
16164
73810
93301
64666
46640
1582
34280
60144
40556
98137
25847
15016
87139
57505
65123
10915
39122
26476
6143
37970
28837
47072
34113
97079
2791
68295
15964
77067
62303
5184
45310
45405
11270
84910
4731
2852
69918
96907
29282
32826
40922
71579
3924
63693
32089
75897
80171
39696
48945
32164
43831
2879
30751
96552
7475
60272
75452
48426
35410
49060
55254
38628
19585
73793
95902
10032
73881
13658
5257
97673
25203
41498
53525
78656
4171
43584
45132
87319
69240
54631
79320
37042
91688
53745
57173
14661
25022
53045
1828
5228
64935
67629
89128
69495
8411
19692
55774
27998
92075
74998
67652
22824
41335
86144
91991
37745
7200
52016
88799
71689
50358
44141
1787
17095
86025
97702
57975
63319
91683
49134
19434
34646
77392
93828
12088
80339
49185
80377
2173
73244
6766
30699
34234
28141
82032
47006
40502
3124
74750
47570
45002
26146
15561
30568
63289
87676
54515
63595
71506
2745
27379
56650
371
68881
33290
27346
81418
43516
59085
63481
10542
81007
22015
20858
77212
49180
42375
21488
37910
13673
20231
14319
77166
4373
78528
33682
11754
26135
66762
76100
38431
956
89256
77255
31931
72734
41858
42757
49110
66130
30561
17410
97798
59384
67645
8998
56831
38552
99440
7931
2680
51336
57865
96678
78630
2384
41153
3864
45487
55143
12331
74010
2994
81940
91724
54650
49707
62690
81211
65544
73375
54457
95927
79570
71296
5552
70946
70997
42513
1819
13665
78017
53404
15532
43720
46401
45936
5338
86767
29964
69120
90554
28275
44992
73894
24124
78843
5783
92020
67210
59579
67158
34745
45321
73162
39285
40711
28156
28241
67493
98299
11251
69366
89941
6233
8470
14492
43861
24197
86368
9532
87074
27305
43602
71013
16614
64442
1995
46312
87748
54288
98126
41039
33677
60089
13876
20246
66001
58894
48952
74988
32111
58895
62981
34487
94933
12432
1350
14124
41510
6159
67778
45835
81041
94594
27950
62444
85688
42943
55205
3779
24287
46432
55446
82698
3387
48061
45846
60837
20394
23841
21100
10030
81992
4985
10688
76792
98383
50866
77853
9181
40744
11977
32468
29073
15080
28783
79153
93629
98689
75408
16229
3071
81052
51221
33499
41468
26976
13125
41199
42575
83546
34788
85828
25143
16222
28215
18888
11342
11811
16865
63203
80770
23891
72006
27159
18747
34285
98062
29245
19955
42395
95687
73010
8693
82062
11197
91073
10406
38588
5397
15607
53731
46542
5400
52471
10102
51940
38061
137
96028
17745
58992
36630
4718
8626
41985
24645
44077
94510
20278
77265
58749
64166
83770
84952
12379
62828
66709
70949
99228
2982
76070
29276
81422
81068
49805
56612
47208
16367
11399
73285
38167
62847
97633
35989
52997
34266
22621
93613
31980
34937
203
21623
30385
95195
26855
51029
53057
37533
68722
11461
89091
46680
18065
19888
37859
15007
50008
84702
93486
69620
91101
79029
80412
15987
30590
96578
12159
23676
65943
9660
40163
54667
65878
82703
47585
1504
34504
10885
55218
28020
46142
54455
39776
25728
23073
53057
26766
39090
45279
83733
16861
61401
74078
46259
7192
44579
35022
7610
351
82125
60144
98754
48546
83354
27294
49030
90420
98343
82616
61839
79246
31248
52150
17459
98328
48529
60037
73009
28435
39922
65034
84226
85982
17515
74786
68531
79594
83165
4472
67311
66237
96924
1516
92261
83739
24144
35695
12484
91875
31342
64136
74257
59978
16636
81806
98041
91965
56217
35290
8338
76787
36974
16910
75275
32393
90596
37932
3917
6911
68003
37311
22683
8293
37000
34443
71775
50920
64933
17429
36412
9048
58655
57413
6240
68997
64497
51148
13942
76075
44771
50986
99060
79330
42718
51235
37486
11440
59101
86873
55430
86126
25327
33843
4518
74264
77065
78658
93185
85321
31406
98071
97399
5251
26832
62916
52545
43955
85687
94359
19535
73465
24669
89681
3029
16107
23020
73615
99457
41623
83270
71077
80423
46330
69871
61516
52912
20764
72475
69993
70152
26272
3999
5442
40728
57190
83255
56239
31078
51152
71886
66843
52513
31404
92611
6373
35603
77423
82530
36685
69329
52245
39873
62260
40023
33933
501
24643
10078
34982
20380
65455
52397
4993
62344
62241
69191
26950
64250
50102
77507
38773
53232
99433
35991
86068
7576
51518
5273
72409
85979
44671
56867
23975
17219
2105
11542
1617
39971
7354
50340
97996
58573
31123
70273
46076
98390
55641
58992
39636
46737
58297
67256
52398
31253
64996
23663
85388
92722
83095
30473
69784
13212
36196
41326
4371
4941
83719
5529
89086
47837
20638
27151
22182
16350
86711
31782
43729
82624
18359
38075
3173
89322
18230
72729
44297
52094
93917
85863
20172
36150
16233
96645
66433
12068
5758
94541
19240
27964
91443
21055
48480
5780
42991
8638
53744
43838
71077
78445
86233
73520
30174
35279
10794
49673
96227
36134
66333
50559
86466
19644
87796
26226
49735
57906
96510
17642
15575
96496
14982
29921
63193
65729
67649
36777
89854
35820
43712
82798
41089
4279
98696
84617
93328
15718
36268
14128
99662
281
34231
65552
87625
54416
9519
64800
97792
26944
97711
30597
84713
51987
26323
10938
56017
57492
79453
97405
33135
49163
58849
47291
82740
5895
48164
1560
70193
70504
58028
15601
65709
43750
92102
49955
34153
59312
52454
74309
99335
31337
96383
97155
48849
22380
15594
23819
52605
87762
84641
76735
87293
43114
45849
93652
67286
45759
36655
56192
51834
64585
75031
61718
22955
93687
8593
84755
68258
35551
93405
16004
13103
46644
46528
12666
55938
4067
25506
31950
54615
10856
34873
13853
51920
46976
86144
70910
29681
87859
76440
36600
6819
15065
87596
56348
68605
19171
81764
16602
55343
26754
14198
34823
41449
99266
76851
94340
78807
19589
42450
10782
17934
64621
12536
12526
11552
46862
11347
68483
28036
37519
18487
36639
83644
64573
86548
90641
28766
40873
77828
64408
39020
21713
35426
92322
6963
63190
56179
54347
74323
40029
33314
95408
79244
83645
42404
25641
98123
80324
41941
39954
7200
14484
18445
46262
24446
46235
68166
24888
45463
92391
63625
75134
43802
8285
22923
96642
15854
48017
78197
51302
33940
14883
38624
21761
72267
92507
29957
55699
73568
57089
71517
8879
20131
33142
55163
28359
57013
37771
15231
54803
15632
61733
35907
60649
97332
78057
6764
75942
22463
26454
9026
17816
28490
61441
33991
64405
9166
12869
33511
91291
14409
5254
5072
56654
62634
99276
61230
21125
37221
52685
4544
16633
69720
10720
60322
49795
57148
56666
58001
92279
45063
74814
43335
97197
90437
45513
19975
10807
26528
88493
84874
43460
29190
51260
52337
54597
12355
7545
34241
54756
25960
60877
8469
9938
7761
18601
77924
96133
49260
14451
29487
47220
12539
43879
96510
60281
87781
59405
89819
61781
39583
34230
53483
70524
81010
77570
84847
40490
95861
15746
61082
77993
31281
37154
15427
45219
88310
31654
77390
36009
59964
12642
85235
82450
63670
37392
82423
76487
23348
58077
75497
65372
92442
4267
38956
98381
82117
8590
58231
29438
95650
55728
8066
96701
17727
12970
69306
33191
4634
81920
76595
26904
81422
20795
21722
53571
75101
74788
90507
59029
83195
43495
57784
6418
58259
52293
77246
38716
78260
75999
39946
18207
16780
69582
28912
10863
72867
55778
65674
78448
74443
79038
67407
89678
3381
60433
41244
64646
69545
98557
10458
37791
49877
87367
52687
60780
12594
86561
61564
38902
41809
59643
26670
87796
19265
80876
65854
72077
94637
7486
18274
23428
16104
13683
7156
76128
524
23149
16066
58596
66865
7900
62905
82997
73073
92304
79214
27768
9734
69192
15298
99613
37912
77882
15943
50230
6030
93914
98998
96469
70537
20910
31500
92753
26589
38935
10381
34998
61045
34088
57932
52424
6085
293
42421
76795
3520
96176
17325
38735
86846
2482
97702
49058
16897
19669
80895
60296
25602
92211
57556
48513
3836
78445
3632
60227
45996
59940
31566
67405
42427
58993
26993
56471
99808
55411
15692
78537
83772
8080
97241
31201
27260
94910
19297
16386
11433
32892
21593
45020
77797
17316
99903
42573
70977
38400
22183
13072
80839
68534
37596
61811
55159
86502
81992
45386
36144
5606
71375
87031
51679
77683
43817
28884
92461
65389
77631
22171
35766
32267
29695
6553
11372
75056
90278
66614
44995
93755
40755
86119
41049
98775
54744
83998
31012
50316
25004
57301
3626
14357
61546
20261
42591
1681
90134
50716
80898
41312
72580
13735
89022
11513
97675
35014
85368
76337
47693
59375
78169
19640
9475
11581
47433
94727
79283
20815
22966
87369
86093
95178
21180
17988
47297
21091
58513
71909
38292
49623
17196
58523
97727
30336
52039
28958
54948
16134
82393
38879
34717
70800
49495
59471
65397
16871
2635
89170
37353
2573
36700
4050
14753
29747
87591
105
67715
80797
39219
39280
61279
76542
5250
74618
72536
88568
43403
53216
22735
34848
85457
67225
4025
7557
2994
59972
31301
96670
18640
16876
20293
30864
22706
27745
51361
32256
98144
74344
2642
99482
28554
27551
94102
91633
9434
89825
79442
3961
5548
85905
88122
22946
84878
11159
10453
83088
94713
35035
97444
50444
86313
17173
17429
7253
93279
53073
61572
80789
44864
72632
43366
97147
17307
45413
20664
28748
77152
22307
32416
52153
34542
19157
57015
51742
95584
5516
29328
62039
26301
85582
65038
84376
86971
5984
70750
69301
78037
74587
21066
61647
78488
81903
37106
90332
8089
56424
17171
16684
61440
27287
77397
91707
17084
45268
86076
12935
32695
29935
212
32391
78147
4435
32942
59444
46950
19155
4796
53064
3964
16931
19960
94606
4495
47854
41124
53262
57253
12930
69389
63019
69997
75988
88468
36406
83451
50585
6918
94384
66360
65967
17687
69060
17510
44807
42639
18535
36089
50844
97671
29125
26380
3480
12228
37447
55151
73302
78847
36344
29200
43051
46365
49522
58771
41772
34566
49764
71188
87794
40530
8399
81522
4965
45311
794
53632
96319
39573
71207
9790
35962
82587
51294
99177
97212
53814
43517
27731
5896
91925
30262
41067
32829
54784
18407
17015
3423
99184
22187
8037
88606
94355
97466
57167
607
91958
70953
53942
52889
35692
34227
99146
10819
94057
59659
77569
30352
62524
8510
35173
98319
35418
35755
17434
99178
40525
14152
91029
78832
40807
71321
83414
53107
68207
36035
4769
4574
53349
99693
36674
37709
6610
28080
89554
89431
17891
1402
53414
2984
16248
30843
93849
56141
72000
44511
76092
97000
26188
52274
16469
34147
29620
3857
71984
63317
94414
30067
73885
27373
37754
88481
88637
9038
6392
27389
41239
12474
25655
47979
96696
70146
23980
79598
21388
54703
71612
5089
21375
2404
92578
25762
17244
68352
8801
35669
19510
78529
99354
25193
98814
29885
74266
6715
54743
9386
88274
22591
71256
56997
47237
68119
44551
42198
29604
25315
59300
99769
46781
4972
20760
84428
13430
50900
36650
86999
51180
57964
46381
61335
36618
86490
63136
96215
60619
36094
46461
26821
45257
15081
27589
13916
11565
48780
1206
63344
60269
77961
33448
43069
99722
4945
29555
43739
72785
27398
68982
70787
55543
55123
59318
17827
7345
38426
83017
36502
83546
56615
58078
93582
97778
14044
16101
43151
92229
31086
27855
51388
43188
15013
1171
43959
20566
10037
83122
65464
50843
74259
97648
54225
44040
88077
56598
47897
87933
46423
26052
42967
55374
81864
54925
64361
12883
54090
50358
32234
30213
19137
24632
63644
90840
59427
63549
99955
29918
34687
35933
90078
65298
1132
94002
93231
98835
85461
21898
31513
96827
54129
96667
96764
78915
34300
54056
87315
55997
42853
57217
69161
44208
7037
27396
93577
57317
49283
97012
11441
50195
36569
4141
3981
42839
14995
71908
7023
7495
58510
72777
74077
44305
25156
28187
88230
89990
63204
65015
4832
15393
62396
9636
27658
24790
65080
69850
43022
99832
25417
12173
52874
37118
56291
72869
96110
8471
57295
11182
9510
54693
19606
32829
4784
11716
41631
31627
33703
55109
22581
4053
77153
36989
29697
12716
71649
9749
25556
32693
75055
19789
56389
93573
97073
98788
53727
4017
48573
28985
86403
41599
49652
62714
85957
94339
37914
65950
65399
72219
57708
70959
76889
5029
5657
50353
99525
85975
59235
99707
51022
13525
5273
61508
99851
24599
70968
9083
43288
46258
70919
24989
98477
59460
81719
63592
46626
24745
94995
22421
22459
35647
67559
83559
28741
2926
22353
96656
70805
20099
54039
86906
32174
25326
73806
12315
21853
27470
38508
36607
32598
18432
30772
52341
34660
71180
32038
3654
38115
50136
83616
65198
59168
23312
25046
30968
23852
21300
50732
442
42081
69840
81138
23868
76577
96496
8901
28993
83507
42913
44909
14235
47008
12621
85996
63261
16505
20412
50860
22556
49114
87104
55016
37961
31791
58543
65044
71946
23634
19161
15506
21460
6142
55153