34986
72808
63804
21559
66373
84545
82276
60131
87831
52687
70449
87564
29693
53600
50728
2949
20791
89128
42526
41721
940
22354
514
94711
70785
74558
83696
5284
8085
20122
37482
41594
54530
80359
53002
27242
8956
52145
27807
28797
97603
85812
67808
58217
594
94195
99166
25142
50638
45358
31746
78928
95467
84770
8103
7716
84798
14157
49165
41659
75150
63619
732
68255
64995
64472
71615
50246
31103
95935
78447
80306
81683
39632
6436
652
953
10314
95983
24818
35643
25074
88096
74421
44784
70845
36889
42588
70855
8112
58665
66299
61472
35074
60203
82878
75817
63812
75772
28596
17237
90103
46454
13650
76663
90596
97374
67737
41505
45439
76631
75769
36740
53378
52938
48182
46127
14476
73584
2183
69790
24392
33974
38237
28275
88852
88036
31982
81958
38684
60674
78900
44279
73110
70506
76099
56908
62960
26890
73343
41314
98120
82214
76758
31234
43967
99550
98022
61126
75316
99808
35509
48374
27233
80634
6316
43180
54561
54073
6499
17865
99091
20260
42024
72240
20290
33832
48255
56529
27578
11213
32040
36384
99644
56861
47706
89690
57794
71577
38081
81652
25890
67703
74699
89688
68077
52798
41273
99007
30502
9667
19674
3752
50099
69909
50933
5231
12916
17081
23777
52673
79956
84535
7417
15753
96476
93823
89569
17729
98936
75927
38974
78014
50939
96663
6132
9055
51410
91505
44941
43090
2556
8296
24014
63949
66011
60159
40294
31860
77678
24907
23597
5105
82533
53511
49705
79924
62205
27686
89770
39923
27586
74512
71083
9173
64184
83045
89672
86993
20753
88444
13484
34631
44208
70709
95548
5157
94016
70171
30694
33023
88496
53338
78760
37315
15851
75474
57092
22431
576
92217
93137
21205
44143
76928
60495
95056
64105
97643
58251
85889
62548
50022
62050
70752
6174
15187
72485
99602
25641
77373
37609
55663
40322
97144
60237
93479
45653
23894
14386