32883
85389
80926
62747
62384
68951
89608
72782
41634
15351
98944
13907
48459
33703
42609
43829
92656
30376
88166
26494
71574
10356
60924
19862
8869
19129
71006
99384
8665
35216
64741
96146
15803
6227
27238
56517
5562
70939
94194
9517
66533
65767
54265
27659
12601
963
82902
28240
99991
78494
76545
96834
33546
68860
59849
37388
14812
69566
441
12165
53732
17835
17435
43840
42683
82780
93816
20923
57858
20792
95252
10197
94134
96397
18044
17531
78974
23237
69063
21408
4586
14302
30251
57292
79184
88671
47188
35889
54486
93548
98406
96974
26732
48583
88162
44925
82199
22752
13108
31023
52113
51813
55921
50250
52780
96537
12792
44421
64786
96777
56291
85185
26808
92936
61243
14774
26625
14124
54421
80028
8713
18929
73833
50043
62101
14891
22234
71347
98365
95185
34744
86197
73281
25825
16389
34257
29836
63783
58320
73874
83159
31651
1904
99143
8864
10215
18581
88761
12447
71424
17741
58299
4585
69084
13783
92783
18227
49797
51179
36259
94411
58881
94692
2868
92097
39668
77671
41690
16315
42379
51790
12596
21274
58286
61266
25944
56494
83493
60786
26752
54610
9564
18383
4398
98120
9361
65108
39909
15900
84587
79352
34455
78509
25470
57668
88171
24884
53878
50362
51142
70891
26721
14989
89779
48788
59794
61336
43387
73799
39213
6842
66714
67292
73842
88973
76754
96140
4194
16242
79358
55627
88058
94015
26929
55000
44962
80853
76639
9443
8221
23452
77444
29068
20922
51994
23769
95733
71304
58395
25591
31647
1263
57895
44291
5655
72094
71942
77557
50617
89297
8062
32673
17992
49840
96915
85208
36495
50418
42664
63981
24838
28523
91165
99289
8530
41059
72627
50351
43744
87023
55226
17204
29411
85050
11897
52226
43498
86944
5527
72094
89664
13669
89672
36434
67826
68723
83227
8585
11094
84053
36479
96911
3713
10493
37148
80557
15021
28750
71309
33060
71531
85834
60831
77564
54831
72348
52596
70023
92991
498
53028
44335
58849
10047
58799
44408
61343
8376
93399
23779
44468
24050
39111
91839
13955
45457
72489
9610
96670
19088
7962
80781
5815
83917
49279
1377
26048
86865
50481
40638
7143
12041
46037
84744
51021
84468
34641
54489
39381
1392
77210
81655
4625
59689
5153
79797
81601
63437
68726
9271
15966
44712
9534
10767
53286
57013
66401
51708
81333
2698
92353
16215
55673
28958
77876
87615
38493
4892
7097
25091
70391
73457
20427
74612
5626
36212
29427
93047
16485
16186
89743
96005
51070
50281
81010
70488
21584
18451
63242
45777
58708
33783
63744
36785
83459
80607
44708
90684
90321
57432
44061
29023
68967
94371
77220
9863
7858
35415
77751
64102
91372
92211
98629
52190
75480
43949
98867
84845
12240
25004
76086
20083
73654
64500
83504
80011
27278
32506
46581
24828
88163
42054
48313
98443
69902
63396
22834
4878
47638
87689
87536
55929
84547
16977
48259
19030
930
91587
55809
76162
13745
78354
75616
53989
55861
84559
49305
86504
27483
28255
10446
41460
34784
4652
87203
47931
18269
85751
26337
91269
33348
95640
57844
14335
3105
31534
61990
77466
52885
54001
62134
40421
61655
42682
59273
16203
26569
25618
89091
21074
99696
9175
74981
36283
70229
85801
6194
49774
84921
58877
86588
54776
42491
81234
48596
27389
78972
81298
83117
8662
76615
97570
15538
24384
5715
39656
38634
84298
36568
21893
65079
47886
98427
80136
504
12285
71427
81779
94542
99617
33048
79575
55408
37821
60170
4267
73935
54236
5663
23208
67987
35458
46513
92441
91696
20178
38757
5349
91877
10465
21232
60194
18699
14385
73323
53015
96791
15969
22613
37216
34182
37731
98347
14910
20291
28020
73981
50429
41629
66452
43800
41098
28239
61753
56858
16758
24174
88879
64704
77566
31410
39484
21410
80179
10840
51432
13278
32751
47089
28071
19383
6791
48223
88962
96948
94582
65274
21535
71120
46728
2288
43364
56998
39932
77408
61369
14198
12965
30730
59216
39278
29210
13624
33464
37439
35485
59052
16811
95033
68999
55604
92746
83825
99572
62502
8688
78494
88291
65722
66596
78933
57218
1723
68593
87955
79985
59231
85436
94002
83782
25208
52038
97691
16341
55594
28307
87716
3555
4202
24606
54343
75908
71062
53588
95898
61082
46980
17002
56495
65455
59556
99671
42552
49945
44042
53692
40104
87567
16736
36717
49149
77779
50181
50863
45303
13547
59593
67152
93682
11004
5496
72845
37857
52085
48245
55263
20455
53168
16556
89700
56598
48156
53268
2429
5765
59960
92524
82730
82729
2415
60677
57286
25642
41424
28636
99801
93359
21111
12864
62654
65498
1576
93781
64500
4073
73233
23568
28613
77937
13247
51702
58822
45567
41683
42051
50065
13127
59167
82204
98199
12559
32750
28776
5820
44969
90826
64347
55524
40574
17433
80557
71431
97924
55104
60760
55695
56165
71531
42380
36660
60604
16743
7403
63986
386
81069
47778
93381
54792
50167
58697
36335
88915
80123
86159
23942
36199
96463
1381
11682
73538
5937
95803
32180
4564
46157
17432
55852
1782
11007
25778
47348
61981
81672
84089
63374
25966
94572
8181
65300
31703
42499
44425
10414
89437
9033
83507
80887
88862
93925
40848
91909
34488
63331
87419
97142
50291
9473
70677
23871
64880
41735
70695
17722
45388
76350
59873
18280
76778
64238
14523
7835
88837
59735
25044
15566
54588
84842
74462
57805
25650
74677
47060
2774
55630
40581
92998
54133
79046
53713
59553
1725
17719
273
6535
94699
11604
9557
43673
16413
3001
2521
53109
95801
52974
77197
97392
25271
37034
98332
5140
48465
45790
76629
60365
84629
90110
97791
65884
78905
20787
35784
15966
77977
3154
68811
74259
94193
30952
86792
328
34209
61307
88865
76584
15674
7691
85821
67560
2984
98170
15432
57716
65151
22728
43254
80922
56664
15565
91056
26505
82929
5460
66959
64467
80849
39833
92585
16869
78254
76223
57922
37650
64181
18872
61945
23240
62440
56343
85472
77240
65424
57685
73774
69717
98776
85724
54693
31024
97650
58484
79228
38157
97578
21437
22392
25770
11739
56194
23797
28913
91528
31387
32621
35346
80199
72152
80803
5990
69128
68005
3884
97855
59129
53189
11947
25548
1441
42441
14412
53711
10628
38668
77857
78817
73551
73680
68830
18050
93340
3251
56178
10581
75936
69687
52072
28940
31721
88425
10617
98563
67679
11757
20081
65727
38033
94365
99678
49692
88211
25887
56321
44915
92836
49749
16509
78649
48011
48665
22347
14777
94947
82943
7764
19227
4092
92466
16324
24668
36986
19823
94651
26904
94584
28749
43275
39038
65859
17217
12502
18446
71522
41713
12857
26199
44938
36288
96752
9433
19986
66531
64976
21501
55894
13774
24387
98789
94658
77731
25175
91760
9801
23638
84968
18456
42154
50928
30323
98819
82452
31252
88650
21555
97598
58138
29467
76205
84493
32761
64483
32063
34418
58243
21498
56397
22668
1588
4670
43337
54940
89203
36704
49568
92388
11512
36068
4947
72253
40572
42718
83620
6305
7085
46277
58112
3509
71351
47895
42848
42183
76121
86105
16106
9389
4237
33703
72526
26057
80333
19242
23171
79524
84048
22724
19423
57532
38295
32736
20585
27534
73782
33890
17732
77976
93597
36652
3407
65360
41643
49107
81338
47134
89385
22450
72538
1047
31464
77809
29097
74136
86876
6599
18854
22878
45132
79371
46830
80600
48934
19317
10245
37552
67646
34700
64549
14518
25107
82583
42408
71532
97808
32164
19878
68898
79472
603
89802
50189
68411
33320
81803
15933
15766
75199
31546
8437
53707
27573
50954
41533
26962
64499
66698
21802
57600
18218
52896
62573
40386
6175
5070
19937
13611
25527
82564
37816
26760
82296
66759
76759
73414
98698
67973
95736
97779
39450
98345
99881
71507
54957
48756
1714
78592
70486
73624
62084
66660
42179
45904
60451
55236
92958
45663
29822
73301
28067
65827
45321
48978
62450
2008
20558
32816
1103
30681
93561
6987
88625
38596
76085
325
26826
52123
34421
47704
98341
33678
73706
95070
273
68885
96831
45222
24089
63319
90343
45318
69763
16454
19242
37207
56852
78327
25678
26751
21559
88074
17641
30593
48955
67238
43912
5784
60482
49121
16235
76134
73993
87788
91403
25702
74084
20567
85983
61980
41630
68496
87940
37882
91634
75332
97778
49627
52800
95954
94841
95619
63672
31641
30427
16597
79261
68529
46750
45760
2346
58040
29295
81015
24687
73437
56591
76163
51519
83338
37661
21781
23969
30136
46831
73824
34835
33890
2027
40303
97710
58287
53884
66150
80220
36820
53011
77554
19720
97780
60895
45710
48466
32878
73348
59991
50650
54483
48478
95577
4925
43917
91525
26235
4661
20922
70991
65443
88681
62498
93850
21045
5227
98435
9487
42576
35347
32214
87607
53461
22678
90407
6103
92077
1710
61825
64780
19737
57918
50696
19404
19011
70080
52836
61209
96352
58964
28620
40543
93605
55044
56522
22845
68036
3323
10105
38772
30697
49231
27400
64996
85667
21561
99644
50929
34550
9021
63014
63439
58152
77439
3417
240
95120
70235
26053
17885
56194
10148
26839
50661
79777
81836
64360
10826
16749
53455
21255
13334
45791
56636
23242
44753
88193
79599
845
39330
49801
70546
87843
71464
35252
67967
12404
2794
80983
9157
41503
41007
91688
86114
61863
65072
50903
97745
8501
65974
55798
86591
93586
84718
79722
44986
22060
29413
83924
70370
86454
6429
15273
61752
57284
57657
22979
89681
18048
81501
58261
97271
74472
74968
18144
83107
84073
9994
9498
70927
88582
40314
63022
49305
29040
47332
47108
65776
43592
3390
93898
95945
3590
11720
80257
81962
93231
95987
60183
41327
73531
71580
307
57348
19734
14882
57709
75194
77274
63024
45885
86027
14769
81863
98115
2812
75117
64226
20736
13548
71578
45635
24237
15892
40873
34672
6216
76558
14786
64481
20955
23389
10986
12869
47126
9681
2647
47765
10073
94706
56300
11690
74703
63889
5830
32810
61120
36662
70817
92586
4109
97428
92508
45793
81190
22103
26930
13403
80139
89939
84964
23851
53912
76261
3021
76724
41867
85379
13502
89245
38396
21582
26580
86181
135
80012
67935
65164
91035
93433
44602
44647
58298
64559
50205
51293
14882
97016
50610
34150
5565
11490
5571
91929
31368
86967
12794
36314
26491
54257
23767
67979
60994
50460
8764
63031
75771
59350
58730
33061
58494
17114
55613
59447
98645
75944
50610
28523
3228
3755
67657
92291
79074
70702
76705
88993
37856
41214
68945
34488
5192
59740
20555
79565
39819
35697
11579
41913
45774
30763
43108
76805
19738
66230
4332
49313
77718
2648
1590
21338
94281
33282
3308
92307
57429
23484
34096
18224
5187
97928
2471
7241
94833
66844
55001
40445
93267
28812
17102
14369
10943
16881
2914
98156
36811
63032
86362
43930
3211
58021
36492
63169
84791
85319
32313
53547
13540
91058
63163
89613
12684
24642
39629
25920
90294
83748
43656
76493
11964
36447
74254
55348
41253
44452
34899
58793
22223
92273
51077
12282
89280
17738
71673
18286
66333
488
97018
28217
94870
57052
40874
15090
88080
97957
55113
1014
24195
70763
57260
69029
9461
20884
92204
75861
88428
14575
1514
13681
91320
81525
92606
76842
48651
59033
63964
94752
51400
88752
26537
96402
9676
85957
58532
42280
46307
59853
55146
59890
40313
14069
54382
60844
22217
27282
44121
79722
20967
73329
23588
79635
23730
24334
75703
41302
2657
2595
59005
93786
47273
29896
96394
59135
27250
31516
54458
51472
61603
87351
66709
18928
88843
73845
44307
4254
65954
47445
91286
88432
68453
14412
94590
73785
23848
7573
31326
13658
69570
31062
35614
42265
30599
17841
50420
74133
69629
83909
54394
73193
28392
79335
30314
35839
60876
62245
70250
94529
92042
28392
26191
99933
5724
1596
54902
68552
51027
88859
45999
81705
70325
54056
45002
13402
79940
960
91829
32520
75074
27994
28616
89728
39267
74755
40406
80084
3218
83091
77613
4338
68641
28655
36028
71774
78568
95764
86310
64046
80844
66837
99029
47824
55216
71783
88635
49618
48787
60586
96388
3321
46372
35605
41717
37337
63951
87030
65746
29489
34132
96375
39599
78850
45985
29880
22282
34836
69027
82745
74394
95236
26904
85804
40746
97064
87048
46797
99685
57849
29175
99733
35161
3270
69809
3202
53590
21369
420
97936
61325
45882
5186
3811
11698
63782
90845
82963
20624
19023
62232
53129
20130
35783
89890
80292
33696
63242
84185
54997
38560
48973
42925
20522
55960
75981
8038
29360
40031
57131
89966
99730
26576
47068
52980
44224
69383
41385
11177
94365
53262
64004
87187
13699
68217
4053
33842
89186
5055
66326
82511
44517
87596
80720
91744
92649
99070
29263
78959
50907
58916
54349
24005
89570
51240
98756
61653
26206
3917
35047
29913
86205
50391
81292
5710
46623
8215
56553
11304
16892
16615
69781
86739
81123
1764
92690
68433
51490
41714
70889
98195
59037
72018
3716
83838
28103
38165
18445
42082
99800
22086
49930
1452
69370
81234
91168
59071
4453
11969
12223
65388
28779
39492
25818
21787
69443
35629
60782
35880
51265
73307
71085
70454
77274
11594
45001
67377
12123
28754
38955
16564
99898
71634
31669
84014
54347
96882
12440
47898
25040
71345
10201
97386
64387
32351
52328
11709
24090
25784
1346
39924
1611
76510
86162
69931
12666
50922
89009
86156
45381
70943
71777
24022
17521
20407
72563
95931
27530
92880
15909
77588
22363
52059
46479
99457
83218
36424
45367
3752
20418
17447
90006
59928
65555
56551
27485
73406
1262
56469
20706
14002
98872
37452
65730
49009
69715
90095
77839
25540
16056
75797
22689
37556
18472
94680
78157
21892
47421
72628
51302
55895
12958
94790
82322
69042
16237
23276
107
31590
59569
72737
84630
94303
60998
67955
7723
72902
54921
58555
1733
57033
29665
70872
19630
32345
19434
92759
6931
4355
55991
35891
34949
19085
38063
95682
16205
97902
77568
10965
95680
70228
17467
29618
96722
81494
32128
5955
16791
92777
22171
36345
94410
43237
94351
34674
81403
14954
93681
87783
27582
61512
45315
45374
99001
70099
16436
45201
67622
2578
87335
95683
82880
69030
38555
66381
77759
84134
74008
4091
4360
88992
92143
36614
9322
26731
58408
78090
37847
27878
69298
18416
89388
95321
58349
47011
35990
13074
46826
90524
92707
44182
50217
85828
28488
54946
72705
15842
1859
14191
77890
679
6729
73832
25591
30638
96577
70320
3665
27825
59145
73137
87071
39563
22562
9776
75581
3852
77881
13014
83946
96654
75528
97135
37437
98207
44369
52987
75412
48826
15592
51606
72554
33082
90836
28708
93746
21098
10152
56092
73961
69886
85700
57867
59886
81366
76216
76075
93627
88841
9689
99646
44809
83744
29561
37358
26797
30404
18151
42374
64048
48900
84901
38328
24781
53977
85037
30894
72332
39355
49344
18116
21023
68402
10378
69317
16095
20970
20024
47840
20464
32836
26465
31143
76737
12499
73484
32547
74205
75200
78783
47611
4566
42929
85088
89851
83426
50698
37375
31756
73477
54792
82159
61703
60519
30709
31373
29444
52202
36314
89610
67619
73971
34257
80964
73351
43304
44522
11832
60812
86331
75379
67962
19199
10199
92477
88939
12632
18328
69013
73729
56268
20490
10955
63370
85485
39482
63039
18935
5059
89966
34760
62226
59281
62907
23152
86807
48849
2862
44194
3858
51959
39294
79150
21262
3124
4586
86394
61556
7545
31227
32458
38400
83073
30197
41062
17383
35599
28843
92504
69113
2759
55540
63940
14981
7785
74826
63322
24161
78488
8796
16969
27484
13674
83619
22288
21701
99093
8475
43197
41561
58808
84324
77322
93261
39782
11108
87778
33439
40552
18256
39162
11998
32183
51575
91476
27685
7347
48047
88782
55102
66066
30349
62618
55412
4405
82998
52407
23186
64709
12003
77088
40105
33719
77467
39573
41568
14990
19346
14081
37837
94188
10449
37273
34483
22898
61863
53081
11929
11235
69803
64377
85230
44187
95732
23398
40125
89670
66822
67770
87090
35194
81591
64514
25479
99837
55327
2819
16917
56808
21579
94010
82656
4622
53411
95460
912
82740
33981
36437
76616
72941
82117
39342
73588
74806
43751
30455
61981
9725
67848
39517
45919
41305
90059
75677
32657
71496
23893
5486
1869
95384
54157
51979
50878
52424
74931
82740
69773
80853
50809
49072
19292
37969
83180
64407
78826
85454
31175
25884
44465
40789
37293
95461
26710
17508
19125
82841
91795
57362
79981
66232
78491
79433
65771
72754
97674
14981
67409
36893
43414
57398
63794
62317
84467
73921
24214
10980
59132
76761
38773
22409
13670
38563
18358
45657
8169
93758
29060
95030
50259
62856
18069
7817
56727
9747
5128
40858
13214
36668
79367
64486
14725
91896
1458
4013
24701
75366
20247
16698
78051
78954
94515
83587
16658
57168
99527
87092
16040
58279
31969
75914
1048
17548
86018
7369
10730
1638
34499
42619
2579
36687
21320
31635
15876
39196
29433
87870
23549
27819
96901
71922
75136
53480
68607
43804
34536
78833
12091
63032
66715
41705
49844
77357
75410
4367
25808
49871
56518
92518
8190
90040
47040
87066
37439
84956
83868
80051
49312
37013
77436
52008
32694
75302
73820
78694
41519
71878
69731
86179
53479
57479
33327
76559
21948
15062
13746
78132
32200
77600
29386
98449
18648
14019
34896
45301
29053
29699
21127
16704
55598
61955
92752
1996
23880
56811
93037
23085
66842
94517
40372
31766
92156
25065
30165
656
38845
59948
40304
63045
36059
41998
35781
59168
19381
35693
41562
14510
22263
2062
86200
58318
31721
97136
51904
18656
78450
28544
91718
12620
96833
65468
36954
42859
47249
50055
23289
85704
92988
32657
66547
30766
66240
60623
94419
62947
3142
20926
90826
76313
79215
73004
26745
39333
54487
20740
95218
91331
9956
66704
88278
96801
94923
71066
83206
21211
27156
39293
45340
75174
81664
79710
24725
82044
63139
24676
15630
11077
38554
21746
93901
55168
50438
32752
91801
88907
78386
18881
70698
45252
59571
69726
20429
17198
37372
57308
45777
23986
27603
41366
33505
17717
93783
49408
62748
55607
24512
89818
14338
49479
53054
39859
82240
55135
24733
67180
67253
43430
58854
78858
66743
63834
30902
48966
2435
69813
24046
51509
17073
4431
19664
50125
49569
14046
17360
93635
78160
33114
73921
60409
56885
68531
92975
10401
66051
9649
93273
32509
2146
62995
17179
21821
92723
44180
9907
29298
99196
29432
68034
4259
34954
44323
20397
15217
31696
18376
22013
48539
25214
6580
18552
73583
26479
6210
22729
75825
1758
38152
7210
71534
66868
72249
71664
40628
33870
68600
7734
44231
11073
18441
66338
834
30581
51481
41524
59534
75086
869
25841
38188
49428
24872
34544
43826
76643
58440
12730
8718
83666
21850
62929
23782
18579
6629
5986
21740
42420
95246
21074
66169
38516
53442
56682
21699
73861
51118
51496
49832
84827
68394
7093
35033
16397
74824
71020
53598
5869
81383
39292
51236
15591
70070
64510
44204
70075
34300
87860
11470
11078
81045
75852
66688
71630
33004
73643
55607
23205
50578
73689
29275
56282
95125
87998
11562
57505
27091
15272
65353
87476
87664
43623
21559
41038
89773
48536
11098
58645
74795
58014
45533
83019
80642
44363
73487
30735
71348
71973
59388
30211
94834
29292
46898
2863
60898
92047
3897
61077
23095
13443
36158
51147
5405
22390
72815
38063
57988
50617
74229
34662
57518
84933
79863
33508
28636
27592
50384
12715
56349
27940
34524
18914
94842
54973
69501
19801
37647
62901
98636
14334
63955
74832
2635
88777
27952
17503
94975
14550
51605
36432
3467
42376
23478
76155
73727
64626
33588
46204
60696
91969
5430
65238
93744
69342
1639
81539
52132
34981
35196
80481
82806
30245
97325
60666
54162
84050
64927
99274
26282
23241
25973
25299
71247
18756
33282
8602
85723
45558
48428
73583
31662
53762
88339
40185
71370
58795
67799
28535
12366
38430
32748
67471
57769
42744
86057
73121
66389
53988
97482
47093
69573
162
34174
58981
40762
19487
10172
42904
71815
39624
81364
45454
7123
17274
85902
8529
67030
97841
76643
76375
35509
11437
23103
62465
37697
76968
96089
62518
37106
33961
76454
65407
47259
33576
97705
29809
61999
13783
97569
6880
40084
75187
63754
62056
96946
70620
59707
6538
13305
83839
44925
43888
20455
2223
47811
72968
57858
15274
20198
3686
36517
4920
85947
92642
29431
89064
73923
49425
48800
52606
71068
86072
37706
6488
48222
28713
9620
4718
52928
33747
47298
80365
59216
7200
78734
4808
4270
75810
28641
36072
65996
53348
48715
36528
80408
83477
43690
50758
71766
73655
33285
94730
7373
5789
40606
92997
64440
20095
84356
36363
18163
93831
57026
12702
43809
20036
26016
18966
12542
44127
55883
73696
41244
75742
95416
49061
93518
87523
92509
82887
49989
54486
36790
24785
58370
93881
52649
85703
79875
15547
16611
76152
71333
40481
95078
36069
5758
11745
55030
91958
56744
20982
64023
96525
73483
45031
3032
2998
45845
38666
38833
68275
53899
93494
32046
26429
5051
33653
71777
70379
75126
8210
78483
38586
86807
36218
97474
11723
335
28432
12123
27276
18703
57488
90789
42233
25898
71757
70746
14955
38047
38629
40662
97583
17940
14448
3777
29018
14295
8819
48414
85603
50495
35678
24953
4976
16722
37903
8107
87177
7335
77428
89584
68356
38817
18862
15777
5583
88150
2024
51941
28821
72470
7573
49755
64962
26441
24926
57494
28188
5499
21629
16452
29142
86535
20321
17328
68314
33435
99533
79335
50294
45804
28321
34918
79449
25236
19348
69683
73257
99770
1849
53652
71075
38409
59218
88114
56230
30489
29137
66620
13238
3644
20804
3642
44328
16362
15988
31998
25300
87167
9232
89967
5740
15945
61629
78320
6483
843
35177
88884
53808
77158
7238
6694
42777
39931
10263
2610
78596
83731
41982
37164
30100
97665
96566
95872
94062
51426
93843
88290
55190
34722
40072
61401
97185
96978
92410
96509
86784
88068
79952
32962
85879
87789
63640
80654
42432
92430
5358
5042
17679
98497
15732
13354
46211
23316
38081
30325
49179
28018
70912
72817
30555
85095
64508
5417
84061
88104
19995
56540
20364
60686
75102
22926
32591
1237
96141
2300
45121
78633
19842
59409
40743
82235
40098
87410
52468
51164
87272
3256
60459
37231
39763
51795
55217
16036
91507
71075
12018
90615
96943
63134
74664
91875
13411
69022
64021
80591
48658
88059
2704
86639
8254
17866
67466
67611
87940
60726
20312
37880
53855
11621
86130
48890
1569
61790
56488
59927
43439
51810
88390
58743
94599
11428
40821
53376
68977
82134
18372
4640
25518
95061
4315
2853
16979
37428
29632
76303
44607
77017
88519
964
37221
57762
78911
47445
81344
77852
7849
86800
69258
63131
63106
40955
70498
2796
57515
59168
39371
40842
70575
76612
68547
29260
4731
17389
33961
73801
16505
69399
87566
82748
72085
20826
50435
59512
72309
65835
51908
35225
59281
67412
98411
39688
47941
50664
30208
6409
19685
95565
86622
73521
15444
31324
76729
57524
64389
43040
29428
28081
40650
88542
88404
64839
35580
96001
4881
90641
3589
78175
73279
4376
86163
61017
9647
86996
90282
46664
37412
37637
78538
48478
49846
90857
92027
11621
31247
1854
68212
13684
79821
13147
2827
74692
58924
1280
98371
78502
64030
4697
63321
43410
93103
22777
12552
66776
25987
8945
72018
20380
55176
77435
26291
56181
13270
66549
91475
35536
4886
27708
82595
29393
38072
993
37196
41138
49710
88670
66875
35584
91489
64296
5033
47662
92122
33875
93108
48748
5222
82611
84884
77645
77861
75479
74217
17470
35906
6795
66489
950
50461
49064
21253
41533
55495
36961
47503
1295
47505
46624
63337
54036
85979
67462
40536
49756
41046
12076
22656
72755
39384
13346
63685
85026
10161
70620
28946
86192
90106
13307
67015
85298
34408
36016
78928
92104
81778
58456
94196
3784
31819
70585
11472
23737
24679
44308
72262
67166
93089
40753
61408
58467
57760
79384
68159
55366
20065
39133
57799
1417
14093
74674
45181
61664
70123
54642
33563
36772
73500
47085
87717
87686
36155
51936
79042
33888
10547
43374
33143
24968
39401
80752
39726
24362
56829
47844
3840
72407
11227
46905
48506
66238
94193
13203
80804
17264
2977
26747
46979
533
9733
99882
98925
81142
16110
27865
19954
85138
15887
53475
87407
52510
9007
28960
43919
48787
60584
39113
20044
94150
22843
82721
78470
75634
95699
62876
92468
65707
91737
28813
85104
92909
28185
72280
75033
3416
4270
91798
8788
404
96556
11272
93827
20495
35072
68327
27061
10945
29313
36328
70973
68680
72746
92206
69127
51209
52879
99815
32797
50263
21265
2015
56709
65808
40064
58584
81153
44909
13007
28681
42452
78066
10387
94323
63159
81600
2231
25362
69039
30326
34794
21568
53657
49126
87353
32796
12589
54956
92928
90503
71412
31202
5428
44488
32338
26405
76792
28756
62334
474
83698
37847
21042
13093
56444
15645
97154
82354
47159
37252
27177
35182
53054
74715
1054
79373
96656
48222
64615
89944
23640
72220
54351
55180
33780
40147
80212
56264
4738
62138
12300
75628
7152
24240
45757
96041
43470
83986
18238
66969
99589
93479
10824
50287
39872
80741
49742
37790
57925
50072
46179
86292
27291
95946
67729
44069
89711
14659
26413
88156
35636
51765
8287
47309
10596
55976
21978
16805
56177
1072
23992
54829
62864
87349
88392
96787
54549
59364
92358
52323
63813
42581
63921
9433
5528
69541
83709
41941
33329
25162
23516
9477
21706
4482
20814
30941
85777
74380
63019
40313
32043
99911
64899
1591
14216
20598
49658
44819
90349
58369
86414
27900
61637
23631
94055
60437
17605
66968
43889
2210
87751
54955
56494
96111
67493
24107
3874
956
99929
7728
67945
36702
12141
97158
1579
98701
54656
76597
19331
86002
58611
94870
53258
5010
34744
97541
51359
43431
72261
52859
64454
17968
58014
68389
5628
96314
66585
43254
27102
74048
37115
5268
5240
89631
77491
14857
53038
74656
90717
65158
18961
22065
54106
60945
69644
96821
7688
9057
89880
54366
23838
74399
83690
79928
37672
65609
24320
34444
47493
95992
57586
92178
66188
90366
95357
20991
28166
8317
3390
58904
49795
22332
36467
2086
55188
88986
9054
12283
16530
84185
57727
96129
94906
24317
93756
22911
65823
81044
80646
19154
99592
70340
97001
4837
50252
83395
52917
5330
95936
15192
51055
10347
7885
6123
86559
76354
18963
85643
85143
29952
15040
34161
62647
9946
8419
53517
19548
25798
82035
50909
75818
4830
59758
11176
58157
80445
12040
39125
44577
71013
87823
68845
59842
78481
71145
53060
78454
33184
41953
56309
49502
80765
14856
90947
89866
76463
1774
91586
83249
68329
55725
48571
24054
51052
35449
94512
94966
21681
41259
68010
3796
31943
88680
31589
86020
64512
11851
25772
44508
25208
78434
33579
22787
19270
18612
43220
77421
56013
74824
44586
858
32265
67225
52051
38547
57387
31787
26611
21485
72610
38917
7080
20583
58573
47546
46384
27454
98224
50344
16849
64554
85219
27311
80027
27878
36788
48124
66227
40705
9987
71864
64973
58010
85558
31696
89154
55115
32604
13095
85338
74433
71631
9622
86580
96028
24113
76334
80408
78633
43377
65700
20153
33108
2144
61549
10836
90637
9247
41405
64921
16748
18070
80505
45302
62424
42411
94306
93329
38397
41693
36295
35032
55350
52971
23549
94788
46138
37758
64248
51526
28269
39077
14142
71997
11886
54062
90651
53574
7810
40431
45184
43656
95210
58026
17705
54685
64982
20036
4462
48999
70478
86669
53002
55991
2631
4678
66534
80222
11455
38932
86790
20335
78759
27728
46058
994
55670
35406
87500
77258
48684
59723
93702
75576
8420
54924
43020
23899
26202
16768
17306
73679
19824
91785
69824
97633
28451
71400
81909
23118
4467
63150
40272
4091
49491
17243
26950
12208
94025
32880
92906
72153
55740
61268
44668
5972
69723
70503
85244
84943
96090
34983
86461
22133
3330
62666
79518
49578
49560
91626
71564
19797
54074
86979
13038
52456
5841
61838
63881
89704
37529
85975
45356
76605
17608
56148
49103
91605
73738
29977
56685
45715
1391
8258
74788
86597
72840
69335
3633
96672
47753
17251
68855
1548
81955
71196
90836
12366
42601
97383
70040
83395
40245
60622
98189
14424
21422
76370
58104
2681
40543
44338
20636
13666
30191
58699
62783
76106
41461
43731
1593
10933
69495
45725
83683
93454
85175
79183
661
3952
86642
25432
48786
26200
6197
35009
51321
24296
62284
59441
86236
50221
46009
633
30182
63764
53685
14014
12579
3129
62184
44138
82529
873
18382
8308
32329
79750
5890
20202
65882
22478
30362
97682
48429
51966
53385
71811
57006
73739
65328
18844
54947
34269
55600
81845
81300
26611
26964
54593
99892
31113
84249
2741
89327
31022
47753
83518
12792
94148
54099
753
99920
86520
88319
11782
67814
70139
35200
82993
51237
36851
17687
16258
97736
15644
65515
50364
22241
59135
54381
29869
49521
30213
38324
57523
51231
33622
85528
94180
86957
64327
48718
28116
5947
11840
98722
77846
48517
9142
74913
97920
30213
56562
42622
54426
73352
75726
85032
98989
19423
95191
56199
24329
95937
79254
45479
31768
95926
32437
37011
11521
53288
30921
6507
38605
44009
25395
9239
67441
74311
74573
86233
92682
51988
84600
64426
32152
95861
80981
36768
77784
11529
9050
84429
70552
18037
40742
37042
21174
39085
6920
43540
79714
56800
75127
40878
55350
40908
24074
20526
48847
91686
74206
33851
2197
78907
93516
4817
98644
38038
460
52892
25704
72400
85437
82910
52285
17239
76387
53604
2128
97818
55356
21300
42501
12138
65549
70661
53327
24229
85416
14971
76226
362
92698
53225
76595
274
29849
66417
77810
60913
17426
98711
63634
33992
13533
91009
34525
86204
98381
5688
40364
18785
11208
25920
1130
5886
42596
77526
19252
32959
3795
84560
85043
50731
15765
63994
66049
13030
83114
27837
12981
34475
88738
33847
92517
37356
24333
21755
21488
1675
41620
62792
90975
66882
17272
37634
40353
30120
60118
88028
98352
60511
41599
60960
10735
53241
18645
1084
93285
21026
64151
71971
16081
16001
88240
23496
44018
65907
65546
24592
74262
70211
56202
79833
60352
90793
33702
52585
82779
5887
84580
12960
67866
11644
25397
99226
12698
66950
28090
45803
52320
79906
93171
161
96816
35176
87772
201
5366
20872
14580
89800
25455
89835
85189
4761
33774
76628
20492
90104
60009
31764
35234
33788
90813
92684
98298
56448
98324
60866
49587
67412
88577
83405
13142
63056
59195
52930
72665
94275
13412
2832
33216
99553
31593
49025
96200
5517
74430
95815
61308
61866
61523
78456
95219
33276
30717
46146
35198
14882
81872
33816
45413
36768
33831
89011
64152
5907
27643
91873
71181
83441
15793
12969
63865
54338
66795
82796
60198
26734
97608
80519
46205
59642
11414
24615
99731
19558
4442
12114
6708
97457
77551
52654
64644
24451
21944
24540
32699
80352
51652
50162
55621
31289
68214
97968
62826
9880
54076
45540
72983
28923
7135
5679
37174
89089
32152
43903
76865
17182
37543
18292
76551
29882
98354
93451
19756
51258
36003
53456
62287
94776
28829
63485
64424
54685
36522
48587
58178
58120
53335
98151
22235
37920
63797
47494
14772
69769
40099
52434
71117
50599
66657
81519
49179
68240
92252
76043
68664
51122
8880
92046
78142
1490
16779
34136
86468
62453
61845
18695
56233
28816
21596
8207
78592
77207
35056
16438
9065
77900
50132
45504
76437
12485
26707
17788
62731
44881
83923
70328
12249
27680
23689
1393
3490
32934
21465
93827
53903
13153
7139
99765
22673
60798
95282
57928
81707
29465
41471
19342
908
57102
56969
4015
64447
80046
52614
56532
95117
65247
1143
29930
25108
48768
17190
39383
73234
44087
91501
79642
96438
77364
20936
28210
24361
59643
78543
79511
27006
97505
83179
70038
38337
53057
22809
83701
42294
29724
43834
50688
65226
5469
20594
9655
51571
79203
71667
90931
71403
73193
22008
93461
3956
63577
28273
69791
95826
95945
13239
52146
25159
29910
25110
21237
20332
75109
89524
18224
84433
18508
33027
92658
65514
64893
10963
84237
44673
83958
80959
78063
47030
81352
86491
17673
56716
41356
98729
39879
77833
82359
19509
88712
53484
15053
66804
69255
84621
40688
2672
94979
55351
90074
38630
82945
99827
65322
97056
62581
65918
12638
78175
26707
90053
62347
7836
97533
47653
51306
19080
6779
54965
64214
11317
22372
15751
61971
22370
78158
76826
21355
5641
13040
59774
29509
13538
98965
29891
8790
30430
83735
40000
28385
32326
24470
39526
88580
79949
97895
94152
88434
25363
33027
72671
36647
21845
26590
73651
69183
2640
67207
37656
55013
87392
76522
79646
89392
94132
62198
64599
8115
55857
87539
64672
16798
71098
92569
7177
76762
74999
54125
78754
11857
77619
68238
16722
29846
51647
93131
70015
19029
47801
71734
21427
72271
62378
84229
35937
8177
59038
14390
62540
7870
84850
37415
28597
7757
721
75326
62778
13876
40917
2177
44266
76524
25790
60645
52844
59898
69774
851
43975
8030
96625
79281
26225
40877
5589
61185
31268
63659
11241
28960
52268
12447
60357
42065
18701
98360
86170
86471
19996
6919
49724
48145
17721
65808
5058
54006
51671
70590
97433
87212
89244
66890
25032
98113
81282
77900
534
54296
859
38483
47147
8326
7543
41088
77511
74903
41767
3466
23960
10885
79699
28882
77054
96472
82760
77748
77926
13065
48499
32262
59546
94744
52039
37328
44719
85680
48206
35095
62352
56408
61181
58244
67721
62545
20715
74481
62969
6296
44293
77084
44745
22631
45076
59547
15757
75115
99822
19042
81927
85310
98739
18227
89775
88860
97092
65785
95799
90925
74011
31027
14760
64091
87217
21030
3372
63376
22941
70454
39916
16195
86314
57200
75411
97991
62562
81269
39153
45890
14602
45377
40413
52364
36337
17151
69077
69363
83289
31197
45192
14408
66014
12151
66302
35299
41817
61478
19144
848
25887
33762
30578
50259
49709
76793
50343
47961
26989
68940
14429
25626
88375
73812
81496
16745
97587
8586
98328
19764
54863
54195
22283
46554
75325
44491
12311
52572
96357
92434
50708
63473
89476
95571
84524
25179
79086
41937
45877
43695
89942
11648
17012
39559
12456
7206
39182
78805
19754
39829
57627
56925
82421
76438
77634
35675
86308
1726
39001
31882
1778
2880
21717
55465
86262
91280
55611
6353
29598
51196
96713
11169
75663
81677
51454
82047
59279
23037
85947
36886
35247
6412
67869
45697
20893
93711
31335
69202
3404
52082
67568
93855
22870
28305
15940
44325
27791
43250
39960
54323
89538
55982
10463
60567
56943
46530
2594
13840
48545
89139
76115
96828
12168
25529
21496
18573
98759
17099
91098
45119
87769
74212
43260
83179
48171
26702
38821
51255
59484
61040
4019
49441
21800
14936
58206
54097
28848
16987
71051
59333
2258
51281
41498
89552
6269
35277
59672
3117
56360
33004
34904
32896
99418
15135
20624
61800
92830
23437
40407
57559
76678
79648
21954
32655
60909
56460
32062
99060
50153
22679
97651
80009
86330
42935
32599
77102
57545
85582
11216
58794
61837
74177
35379
95736
10186
66545
59428
29363
33926
88562
84005
57155
54823
94672
16558
85465
58626
99105
70966
10708
96120
22528
16665
86161
68015
12690
4945
97576
78858
30873
52532
35161
61220
20130
68335
44359
68941
80928
13739
64500
65448
75125
68592
27107
22356
7686
76020
27758
45386
6166
90439
83227
34045
78234
47983
77103
31125
33704
63764
36379
24317
81816
25902
37546
33977
35415
82901
29027
42349
42596
43854
99249
34280
69369
64603
9229
52247
24426
89039
84802
84510
10410
50546
79625
89302
29795
76910
79579
35860
72345
5662
87785
43751
15552
20004
41258
76284
12684
53532
47560
80925
76614
61520
99356
37240
92036
91838
44912
37932
3585
14750
16290
42482
21141
52141
70062
36058
2699
88383
64505
56510
50742
48987
80113
70755
79717
56923
37233
64791
90367
9213
975
23094
98055
43173
65648
42893
41247
77644
20017
86517
37554
99613
99048
30403
665
81325
63909
55856
72565
19807
50309
28191
66905
18814
61523
89706
89121
22506
76097
81698
77000
35042
3225
13534
26221
11324
88339
16173
92622
40362
98918
39173
48760
10851
21680
63474
64697
18715
92228
21108
1862
77901
53901
76400
58443
6684
73433
27345
73398
88288
61000
4671
79866
2775
25555
19558
94940
40910
94952
17078
52180
91416
41967
15720
23925
90562
38366
29972
43156
38256
99544
97187
48991
44479
47528
4239
37855
10552
8793
85034
70809
5770
23497
3947
56638
22061
3470
89857
42344
25787
73459
83338
2817
66958
63104
19186
17498
64342
22520
90601
94550
90069
29911
81886
37396
68003
37076
36538
83876
2915
53789
66302
46149
10519
50114
92953
83406
72580
70910
29999
96791
33790
17300
5985
15697
58815
9506
98989
70425
67492
87601
66281
42434
3153
95640
90893
29136
84869
87231
71174
5219
85496
29345
17830
47087
23974
34256
18212
42395
7779
83210
99323
72326
86600
29137
85985
20989
74480
95890
68208
52739
20246
52767
53397
38642
14594
11612
66029
28657
53162
62750
94464
6469
79643
25920
60738
26494
76963
93761
50831
2425
95743
36036
33079
1996
72301
52392
15482
5219
61478
95707
42729
37666
67529
35324
64320
771
24841
35463
49536
54896
48287
17586
73421
74673
39141
90101
29750
17258
43841
21887
17718
31439
90069
19017
60743
43668
11361
70738
71282
21280
36831
91023
48523
87594
65662
34125
49055
42851
28162
35890
42070
11091
54208
60677
98163
50433
59593
58432
87764
65932
79481
77430
28924
79990
83589
8385
60235
15080
43834
20205
82648
83676
29591
94548
66717
96119
24449
47293
91228
22160
39415
64641
47873
18674
96262
96324
28846
13431
33872
74669
10538
24281
61191
62520
89591
67590
79769
64811
10506
54683
29816
13943
84500
41937
59204
14791
21651
15801
32932
8708
39251
46503
35333
74185
50122
56694
77755
3687
7270
56412
20962
4401
78459
99524
91908
24677
10651
84917
32412
54869
51157
64354
98860
24845
20104
27115
29027
29615
30686
48924
15264
75460
36008
26394
15356
22773
86330
61162
44941
84839
98864
72280
76145
51782
72055
56743
87746
59141
10981
94390
53491
1028
5191
8855
34494
37828
64926
76312
11543
22389
17940
22553
24499
52080
10604
1557
45623
30066
34996
63425
1108
8095
82798
3615
81101
45802
11690
45817
36587
8477
50880
2218
4479
84948
12872
83907
83262
6139
63216
91001
75870
25108
27550
57535
461
80637
27798
15837
11233
59391
36288
62441
37875
92767
3774
67876
42454
3817
98107
95470
5399
10072
96314
14265
48047
70856
21858
37574
2987
64484
14099
59829
33923
44164
44367
99733
36087
46413
66527
13186
53211
25705
96655
16741
21252
50752
6038
87843
17701
92727
59024
46754
53307
53353
33678
28187
89251
60549
97414
40769
16065
31867
74159
57347
70186
41171
19592
84034
19339
82659
24227
51883
49508
12584
90534
42914
29228
69004
77753
59008
39046
37154
61067
7392
82647
13780
98042
78744
45000
85552
45752
36992
57019
34518
58674
54323
13236
21393
6604
95758
65407
33092
47108
17987
14707
95155
15120
9909
66204
1670
55683
33554
72941
2746
6564
60688
83020
70383
86853
71283
76306
81791
53093
27438
90322
3965
78864
18168
37624
50092
84242
48002
68422
68111
5625
70880
88130
25496
11561
68840
80108
7879
62143
3584
86738
52191
2413
55484
22635
55400
18155
72400
93185
15060
72980
99910
62081
88592
48894
47838
97662
67493
42024
29486
94402
99825
56916
49961
45184
62532
96317
90697
27385
68494
20359
117
24817
43490
74434
93268
47276
96245
52883
51983
3110
50347
63331
99064
16996
10686
91151
69997
26614
16699
34705
59985
31585
39585
1856
76707
81475
68941
72445
49074
98694
37314
57336
19114
72124
69197
96537
25254
74771
49824
57135
55926
75524
21350
98767
4817
19369
91270
30834
56578
1916
22144
15077
73920
39376
5415
36649
60184
9184
18202
33702
22727
28776
3340
25387
72761
21959
53365
67902
24762
37146
57983
57225
41135
80280
86624
50609
29229
35894
56404
99872
29438
9270
60906
91224
42138
75607
7956
7010
65684
46577
5115
57492
28073
79372
26684
51339
92050
3205
7358
63343
83043
19941
51560
56954
22360
41936
38757
47424
48130
68592
21114
95901
9118
47686
89093
47731
56264
3244
95696
22801
28321
59023
59682
9713
6948
85428
77195
36116
35693
12448
1132
82045
74490
73494
80987
47614
55224
81561
21011
69067
96810
49698
57083
64879
9689
80827
98322
43045
83777
28840
76391
93256
57306
98167
48546
52476
18015
96100
3177
20616
15937
94402
95029
39843
1556
25429
63786
26112
29126
41657
67990
6857
58014
10688
87367
24182
7806
11503
46177
45948
14787
98041
63301
46838
88863
14278
95962
17526
42858
23916
36322
23125
34735
1262
47461
10302
56060
7519
43843
71333
57868
18480
52444
30792
77712
92311
16683
40760
4800
4135
73208
98999
9867
93445
38958
35808
17030
17999
72690
86570
7213
28230
29783
60460
28864
73456
93644
56317
88914
99729
95023
39723
80210
82530
94777
55971
16242
81302
34438
57534
43253
56919
10331
78781
18971
69131
19743
18183
96915
75735
23425
22485
935
62235
39527
59386
60439
75154
82096
38842
12415
16268
21133
65107
15290
79831
92853
63982
64415
63475
74879
15413
41433
63928
97766
9572
93715
10132
37634
57787
37341
30883
86277
40717
40441
90654
75420
52465
30908
38627
15539
54026
80070
63944
58044
13957
57882
42763
38603
74122
53582
36179
21287
73578
8161
22416
74937
31133
60156
74038
39302
63793
45017
1629
28922
91859
45075
44127
88667
67554
84387
63451
76651
65990
72992
243
55246
36062
99574
22992
11462
65965
90511
18125
92034
34187
88165
12855
91676
2789
88420
29864
58189
76269
3342
75045
53099
76805
25481
46188
96798
83011
94113
90144
89457
7818
10906
53223
93527
76864
72342
44820
59218
17967
32749
64475
65774
12477
70647
38814
38709
66247
49899
40051
61989
64756
89124
59550
82817
442
55600
90847
41810
82455
89223
83437
49526
76829
68010
29995
28220
63288
73864
77644
38752
10997
36314
43390
57647
27869
83139
710
79632
1883
51785
14463
18186
2671
49156
9380
82514
99036
71716
94860
22764
50098
53910
37591
31939
74749
47586
99645
55325
90438
21399
16240
66121
96242
67655
45366
9265
60090
46719
14670
69483
56982
25878
13104
34578
87197
53702
66701
32193
52843
7115
65459
31154
74465
62076
53180
7593
16064
83672
27886
34598
56547
74981
87455
38766
94781
3629
91425
57832
48632
85192
29166
6247
68094
97710
19756
32708
80743
83104
97331
57947
34310
97325
58723
17074
42133
66852
72394
64610
34307
15770
32869
14212
970
96803
98201
73891
11715
76658
3576
41730
80249
62162
35886
42621
80632
57290
38947
16769
92418
32605
58799
92424
67083
83286
67076
87392
36066
42857
64610
85206
94454
87741
61842
6197
51072
5508
40681
22294
5348
71343
2778
54523
90175
4225
46892
50292
97776
88800
97288
30256
44473
17130
61871
32676
94557
18984
28893
72538
81076
84428
41286
96199
53002
65227
85596
96390
38368
65888
2429
77251
9056
93137
81088
91166
42975
70422
65649
10606
18328
50567
25035
68435
11035
48766
54906
56751
98242
52707
88148
75698
147
12277
46668
21723
6107
88678
2905
43939
88013
44422
41843
9773
66404
8943
29072
24743
84938
9110
85929
51398
18388
68565
52536
36523
24694
62598
43483
86423
13973
39855
86528
58666
76551
64175
77389
24392
5831
70593
7509
12082
13809
70685
96153
9605
87834
65324
84464
79804
58908
37826
67954
10513
53604
98108
95868
66845
85399
10740
96293
37501
87297
24697
30620
57091
51638
71508
9439
50758
68269
57830
3383
95813
18358
13205
77695
24123
17650
32106
94114
93425
87849
27157
31338
39873
80414
46184
4502
8311
69487
16221
3839
78048
63006
23753
64180
73194
39062
29431
99967
30152
75279
92511
67898
64775
97062
6896
91346
68221
71383
90647
58610
71127
84040
5113
96759
88930
98223
66027
51683
14063
36830
20524
11629
45515
19879
10746
55897
80399
53398
48686
33196
50473
98839
58213
27768
27598
4492
22456
46929
32876
20953
70369
70311
55858
10214
18555
92671
77761
76687
96099
57957
23657
99547
30477
3268
30403
84165
31675
84975
40695
59417
84047
87563
88319
51025
48872
55630
94118
54553
84034
1495
94491
83572
8659
97869
89260
29583
77499
52918
81905
65119
35758
38432
58533
9184
13095
3509
61212
69940
98231
45404
17745
69425
11650
81457
54251
73873
30176
99783
24121
62040
15611
80170
2589
49913
31930
65454
5342
50991
80055
28856
3491
74104
90581
26701
44662
621
11320
4368
67615
62372
5810
62451
87852
25953
70577
76308
50273
34741
71571
97552
94358
75617
89095
95385
36148
7207
75095
76624
72819
43044
64579
99017
96880
13759
90213
73130
37272
34931
71339
89804
40822
77902
44944
23189
52051
27371
74799
41470
21351
53937
7445
33607
68262
7961
11285
33845
17659
15889
3928
21323
11599
5656
86212
14942
45247
33569
74205
22086
43236
71574
39074
17836
20922
114
16490
88108
13667
3951
63545
7787
20691
89098
64666
45663
80005
42773
3961
32038
94649
73123
15053
11929
53613
80333
21270
68900
35191
41641
23710
72603
39216
5554
56687
26374
1955
22189
69800
48011
93667
65885
45096
91307
49794
55261
64283
40292
11903
72861
99697
27163
64321
56478
54026
60103
52206
56076
23148
36348
1585
22238
58289
3759
96909
45088
41286
24063
74505
34223
80114
92372
50864
24205
46131
12298
83289
81691
29638
81206
39542
54407
66897
58009
86874
70011
48588
53319
2499
60793
42256
84481
82064
52656
47692
37506
59895
62244
93877
25367
91706
13736
3066
93697
42944
75341
21456
21689
55089
75308
54959
2108
43536
61581
43086
98136
90701
46151
73078
88334
73223
6391
84770
41771
74077
31404
58161
69660
709
71822
96055
74254
49018
31994
54792
88822
88422
14849
70268
10917
65119
98973
12076
96567
49103
27353
75189
67096
83928
35029
18198
93764
22767
53678
84458
89557
14604
40969
19521
67637
32513
68030
37404
30439
73469
41557
58941
62370
12408
42081
59792
81782
7118
1203
392
28077
82283
99435
5009
68104
57494
13269
21870
72351
90975
52944
95078
80140
28933
56768
70815
77636
83987
11142
34798
76607
84540
16296
40264
26037
79246
46171
25495
17685
62295
61832
95010
50027
12405
91411
21646
65071
49928
97516
82199
20779
99473
44932
54721
86751
19438
7726
85938
23487
47670
20776
62401
33180
56439
24111
72566
94064
75614
5622
12294
80060
20606
53135
18138
2657
31524
33792
56943
31089
82295
12020
74591
89464
63150
81096
43961
14141
9305
83484
23797
72371
71029
78067
56503
42503
6804
54171
64456
78429
47458
38582
7332
64193
81237
18307
48156
95753
63555
18144
32423
66412
71200
77056
20382
36451
23254
59972
81936
35952
19365
60035
84724
52843
76391
12942
84364
46764
84893
63079
17272
52912
15123
81150
25633
95150
51651
87197
83822
50760
33459
655
13269
42229
59188
63486
46046
4795
45100
42906
11457
12774
14944
1981
98167
13185
13716
75510
24892
58272
39430
95555
1181
70651
41599
56620
20514
47748
78176
20674
33144
58577
46650
88049
62248
40605
29347
79946
48531
91189
77517
6195
25124
7391
43992
23252
17248
92064
71031
44167
83329
44579
28830
25000
24547
70403
45029
87576
64894
77050
27767
55561
83468
59827
23130
24465
86137
53943
11570
49595
45807
30451
22658
18328
72797
87821
17568
30583
25855
90064
37169
27842
70347
17508
59286
60524
43056
92269
39311
61577
8901
51111
11407
65707
9854
36432
61037
15751
46283
4182
30597
13690
61985
55970
67473
84723
69388
50766
71045
5280
18446
49415
83070
11508
5744
85866
76868
81011
9471
27017
74740
59062
15198
42157
57723
19780
36844
79600
35082
11967
56345
46579
22206
75772
57233
7924
24113
97868
14245
73334
309
85471
30618
53804
67964
12739
89529
58152
54478
92609
82914
49600
64552
72017
56528
85092
61986
15238
47835
59504
53696
18306
10580
72793
86880
44215
85036
58675
11087
15557
56980
45045
2250
67262
40661
65195
38574
14332
91340
48194
17661
85437
11038
37158
55387
53336
62544
15447
14488
15744
80454
1135
95441
86249
71829
64233
5949
47936
56163
4164
72759
82992
21436
7721
13666
19552
27310
18701
29838
29673
77291
47699
22203
91571
16233
5550
93334
42361
47564
89996
99688
99805
56381
67890
61774
9206
21215
95224
92688
68732
7902
53831
871
82395
5339
71960
61583
1003
21440
81631
95447
78218
40846
98671
773
82324
54721
74778
58937
36974
84354
8606
27653
67161
63422
74415
823
81002
20894
39120
56783
82705
67680
98027
69353
26258
41346
50483
1680
64647
13326
58162
80493
86281
68971
50447
36637
76823
57119
96770
90717
56110
47416
46286
190
19062
12985
7213
30257
50525
75247
64637
19468
68336
96031
80620
87114
43076
34926
85887
55367
60448
95981
63354
91015
24521
86852
67596
8395
6279
71830
97706
37345
62621
47253
65094
87389
82333
94258
99519
64784
75801
57916
93668
7392
37279
45251
57353
79720
42649
56322
49383
38186
54426
65082
34495
7454
29885
19684
84529
12624
36896
46838
86098
27060
48027
35874
44797
3442
30875
24928
93104
31771
42483
42239
65639
74094
82032
3312
53281
82850
75826
48853
48353
17773
64288
95633
69613
93160
90939
62988
64825
49585
76885
58476
16642
24315
45929
54382
20611
40299
47863
25711
90354
96165
22130
52274
29127
48578
3656
83605
52307
60373
42632
84740
59153
69543
58416
61201
33482
78357
5872
71361
41672
56903
80942
55710
59585
12757
85936
42528
71050
74304
44163
37632
29815
1199
35982
9965
29348
69867
56900
52349
20019
45487
25380
53540
3529
50053
61723
56586
82227
11957
71312
47619
74907
91641
35875
92785
80706
34638
52116
38063
60243
74653
9251
40259
76251
8431
1324
79048
90189
69725
54418
28374
15227
86484
13056
29663
43133
13729
46396
5194
52662
97288
92294
4622
71954
5277
31287
54600
72689
45923
5080
8956
69348
66683
49252
71875
67458
55252
88064
43078
65586
21811
21819
97062
69338
12016
31664
12806
79987
9548
72711
10299
81820
866
68659
10169
11532
23866
46262
30112
18766
79314
41199
33660
52508
36226
28689
98675
39150
19206
97308
82867
22855
61334
27176
16702
82494
42208
27352
42374
17655
32590
31316
64682
996
79772
67820
71101
73294
88019
40183
50591
58853
22824
72965
49784
78794
13569
92670
67077
12453
51405
469
49223
67181
59753
58476
69926
11088
76916
61743
5971
23644
73378
45422
14178
77379
51085
58658
81813
42890
46592
16999
75670
25743
64480
91683
76997
79017
24662
63559
57868
50577
20148
9604
77737
53263
46780
71677
37620
9585
57221
59567
58401
3458
93097
68920
21471
18977
45606
88725
91140
14025
92182
75656
11578
21922
77934
59524
82835
81942
51528
32400
66536
49127
72295
71227
58025
78868
37370
62079
76880
69633
49635
48709
22752
15509
87913
62184
15100
56891
18114
14024
74665
6905
96731
60728
7824
179
95456
79718
50488
809
89229
61996
54971
83909
94814
32043
33463
57811
75034
23694
71027
9555
97445
76099
67741
63589
17090
39953
4902
86518
82094
33484
73199
91346
85241
54877
75564
14388
43013
86258
2104
291
13977
58976
47886
50247
43349
16185
46255
25824
58243
48807
35937
3681
26124
49213
37042
58653
39033
12340
86008
77168
35549
4466
338
45271
79522
73986
68112
62105
12191
91941
27182
52864
87086
16228
22624
81037
82092
89850
9730
78932
50435
94000
35236
4421
57948
29549
47836
62471
82551
41085
22434
10282
83912
58066
84907
42369
6580
70316
68457
43443
62657
82750
47040
53208
8342
15701
48344
10046
89619
59059
79293
96293
59754
76897
43154
66956
21307
35659
29861
88931
97295
23202
4229
73072
60738
39669
22607
71416
8689
58701
30010
1603
31135
26766
69235
42968
90364
12909
73417
16418
2410
67082
10663
94441
71801
39493
48397
27854
98711
48855
71687
6943
50353
5222
78475
33735
71949
91233
42226
72004
40255
9582
13782
97164
6005
69231
21841
56414
81072
36701
98007
17511
254
49665
34473
6633
46791
57005
37663
95511
12774
4817
73793
10599
23812
49275
91237
45830
42455
35182
18008
54161
25810
48340
63543
34928
39828
44554
83951
76304
41850
33785
98710
35337
6401
97569
75587
32141
78730
75254
29708
5101
58419
92943
1027
22064
17516
6563
29215
64599
46440
62267
97573
33244
74501
45100
62075
55494
63102
62113
90885
41504
53730
36134
69441
12841
39013
96717
92495
24391
73934
92317
54503
64303
82859
91733
52307
51995
99138
11153
82288
99586
85397
23535
56675
5077
52700
32140
99975
35373
75332
95046
1435
85566
17449
38038
96000
70439
61464
88724
35532
28493
87821
54182
11450
9199
42631
97802
77506
15412
26031
15349
68463
40624
95960
54780
7942
20306
66278
93816
26815
59663
80119
55657
80611
4836
1068
56149
72794
12621
77887
95538
79838
7154
75821
4268
35054
27724
84687
54923
25884
85799
46487
50624
6335
73426
34989
29385
11669
53406
85890
30211
66965
86924
84466
11242
98667
44227
12569
6427
51468
90685
51961
75913
19804
18845
79220
31504
86013
18663
49161
47838
79866
63853
56595
94470
92436
47719
65518
30324
70309
57021
91899
30100
25177
66710
28635
19122
78985
58774
14715
95802
34625
2421
36883
25938
72261
20018
63689
80936
56819
46184
56238
70611
8562
805
92168
36736
53930
50625
62185
57991
88790
55685
59152
14292
91607
90427
71592
30307
87149
3633
21824
60452
59320
81386
38439
39579
54384
62850
66586
16505
60621
90243
52547
15278
9869
1533
88176
1150
35795
79135
63156
18514
27693
69478
17122
59203
50042
43887
81912
47959
63281
4299
64573
2155
317
19803
42604
6735
83445
89898
54060
7471
29151
94633
91286
52819
8163
75000
69907
90278
94606
15025
54574
93642
83688
80918
8779
19203
69611
30641
20434
26974
83018
65170
62473
9978
1230
69839
14750
69664
22960
86183
48252
90939
64798
51902
25354
57948
48002
4151
44132
59148
735
45552
61115
41569
43308
52096
49467
73411
23127
8830
27761
31427
24263
70118
90208
15763
64051
78910
70790
16879
45591
29280
79520
69406
3957
85691
41437
65340
23865
13730
97973
4010
30061
12946
12162
71465
99981
63987
47894
80456
63279
53766
34559
35380
18636
23540
94737
35011
98768
10055
77052
52071
47498
48346
1335
15081
93148
87007
95780
57602
17901
97364
73478
49819
70739
14583
52249
23405
81818
79410
27902
24458
45142
31434
79453
66923
25583
37498
36085
72519
97801
55844
45987
9802
46536
7881
65797
48650
58130
91143
23221
72694
47894
4081
99224
73366
49694
96342
17713
68541
13758
69467
28210
11249
50998
69296
82767
25748
55195
23191
85893
14839
14995
92377
7619
86405
96564
49141
23354
76363
40687
36985
65095
45806
30275
2775
59209
31400
40542
54262
28257
36934
91452
55887
83886
16346
35682
6165
42035
90543
52607
2434
59683
5561
72062
18175
19718
27343
96494
61308
4859
99599
38034
7338
81022
95485
52623
45692
93880
17277
7284
44733
85679
84932
56641
72665
51597
62378
57767
29431
93440
17453
33142
30397
27794
51885
64367
79707
20499
15972
99260
29769
83104
14065
22437
61871
20384
67808
21099
10818
85650
68489
12368
22622
48626
88787
39061
63242
50094
11520
92063
4862
93062
76889
64579
2819
75967
95435
52299
66763
3917
91499
5958
36102
45710
693
34584
72468
35654
18566
7504
9693
84747
74649
83111
86414
21298
84679
81499
87955
56087
42739
44177
42942
30450
68755
86711
83273
70705
52572
7918
59073
34433
24201
32403
18580
40915
27183
28670
23240
30031
67177
5183
86221
89886
4516
6589
92961
68877
19170
25799
89644
80827
38080
86801
73746
15748
51455
51087
94710
78753
90436
36993
53037
85196
46650
98818
86261
22314
2244
55108
15276
23964
61255
69277
88126
57374
38006
32062
5041
70161
25190
17684
92775
19235
17002
61739
8984
64136
63030
13518
58447
50373
90774
50646
77858
34064
46198
63180
11597
82214
50623
50068
20225
23470
34994
93800
26544
89870
61809
63463
50416
35597
82589
56665
38184
86476
60992
25915
83571
1658
42919
16556
72366
19780
64603
22988
57830
39087
57619
89198
47209
89137
89153
5736
97672
1875
18526
13027
82170
61953
11930
65613
67770
27917
26726
35799
85891
99529
51797
89593
73265
66059
16316
53558
2360
11167
36569
15058
43836
41726
81259
59391
81474
60177
55059
49717
85350
6992
78170
76138
77410
9775
34712
62503
94734
90971
70810
38921
23973
87312
41695
13408
27578
87882
18518
47502
53412
25933
51925
92219
89103
8586
72710
12827
17267
74396
7964
11855
20256
58119
61632
38326
50473
70433
50458
54993
21796
28306
30865
65125
9407
84251
52063
44878
57620
6597
50779
51988
51376
90231
52582
18058
36738
36266
82851
66245
96223
37848
18060
43296
16148
44601
79364
94471
7156
38282
70458
51041
27829
88513
91587
54462
70858
40897
63275
84711
16028
48200
91360
58719
69923
29595
34721
33059
65783
1751
20435
64159
30361
77361
32737
56549
93660
32764
10960
36369
86706
56978
75573
37224
48439
55691
62950
14936
78639
53937
45856
70714
46619
39386
93876
16319
6071
68149
30280
3522
67684
37960
76041
60782
52211
51043
25456
36752
12145
27887
99541
39011
19495
63248
54833
49650
16780
91871
13365
11251
66411
49547
29461
84746
36587
73244
71364
26496
95191
6985
52679
50095
44581
102
66464
24108
79845
90395
1478
13497
71511
83749
45995
96860
10268
30595
66697
28310
30367
6314
69121
53286
32381
14885
39723
94946
62724
78248
10303
30570
12160
60058
71593
54694
65394
29116
1262
49437
33661
50690
23391
78979
21410
3875
96378
450
35456
26341
44516
72434
92949
3925
66857
30223
71110
5661
92591
89847
7256
46619
82440
91754
28510
50978
8182
6554
63184
79409
23354
26294
92906
68506
69887
14170
71766
61200
54755
74405
98750
61040
93910
78495
99530
57976
39912
77069
1839
32456
16746
35121
30149
33868
60346
71817
82527
51591
4223
46961
40518
41226
87051
1535
12979
44794
2122
31921
16063
63500
30845
93476
76729
14499
71265
47383
73444
17245
85153
671
40854
51729
62707
72773
59346
22931
42487
19541
83440
52107
2341
24538
36598
42785
58737
15137
90819
57396
78238
32362
3598
39867
64121
90399
82798
28000
63367
55497
77346
3600
90176
83617
26737
78304
34663
30915
14963
7576
71855
12769
96298
28276
91999
20482
11526
67437
34040
30566
21798
79338
26732
96420
59518
59028
50373
72832
55633
16509
812
10047
30412
64281
21410
78472
66107
29162
32888
89769
95317
49574
43281
71199
56243
16736
84857
42202
18591
29936
67463
14508
56936
60233
95378
55403
40107
63035
48939
83280
48387
11684
46471
38830
38814
71308
50393
15759
46953
32209
17357
59987
86083
9024
57174
75478
95854
5088
44141
86776
23091
69036
41501
41488
39373
20943
39881
61779
75504
65816
43080
51553
77733
81498
80991
42086
70999
71717
47492
50331
76474
13253
22983
93484
79350
40224
36743
91426
81990
75487
31158
63183
86386
70336
48579
90768
24168
1620
80147
78163
33221
59930
93330
75262
23020
81006
32721
95425
52357
80949
75793
38391
46791
96457
63194
46177
87589
56293
56456
68322
27931
64014
84101
69965
57664
15497
55800
96849
16751
47920
57024
97816
15270
65247
43859
97425
24184
66510
85640
47702
17390
17488
59840
6674
32819
97447
19873
26609
90400
69112
2239
47686
62157
77815
1081
79222
36491
16471
8459
91235
89498
87666
35174
61629
70691
18633
16377
20910
29973
65165
48768
36275
77995
31793
6395
87878
34087
43006
64928
42709
41742
19899
21392
14396
70126
34108
46893
91132
48747
60198
74543
1850
41185
87057
33438
50398
85926
91139
40356
67022
65435
77186
87711
57856
57057
65703
19520
54460
54227
91991
27908
38322
28011
23307
74046
61979
22998
28704
53157
2337
51454
18913
38368
26223
54641
48810
48828
8405
90249
85423
93627
91561
82262
95824
67433
76205
29479
58385
61315
70564
13440
10483
13304
11783
87185
4352
10509
16525
13440
26797
47497
16874
53474
3606
8275
78622
26605
50352
88822
23124
77413
99262
30480
22110
8258
91543
79484
27279
47639
38992
96192
39306
15382
39848
98915
64460
86870
85487
44384
64088
21329
28956
50383
73212
55198
16233
99793
31384
82809
62611
4881
77219
91859
95101
5712
42071
6835
43528
50448
63971
62811
36905
81490
30871
86709
24055
66213
64940
48783
55753
7242
59448
77919
78838
96752
91248
54568
90480
6040
51086
15046
16799
83561
8113
99211
92894
5118
66592
84739
67823
78048
66489
4182
86370
30724
10155
94860
96759
94291
48749
75706
15245
45460
83629
46108
31919
29887
56627
90980
39923
7838
58428
50958
22146
97100
63260
98156
26206
77652
16736
73603
54884
82090
57695
19841
59072
65567
15189
28784
25890
57936
64276
83282
2047
4318
61402
88093
10996
57971
92268
45193
87071
77551
28548
6644
45379
8567
39103
88162
52555
80242
97770
43415
47599
42026
42538
20730
64669
63542
34018
28794
3854
65468
64717
10141
19777
3203
88051
9111
75429
36679
68648
45778
40638
98711
29309
909
12683
14944
7773
35614
85310
42753
68543
5632
50528
39835
38030
18466
75847
66184
50249
17989
5210
67792
30285
7824
64298
56553
4033
32516
11363
74702
61941
9495
11150
9266
95020
49573
2233
53994
15905
39860
47209
71315
84253
87650
33549
33306
48429
65554
56094
18074
92053
50247
48361
84262
37408
33149
46749
8429
37480
22812
62195
12028
87111
45321
37282
78343
89522
27449
59196
90345
11463
71078
4486
78463
10002
82447
2351
81385
65722
4138
57043
59967
31474
19302
48650
34052
47285
13399
52049
9421
14520
43747
39488
18017
99161
32752
26025
66344
69896
50084
81211
31768
40140
84216
39746
70172
76319
14056
75023
88988
97144
5554
23807
72546
61238
87348
75049
35550
62446
85263
72848
75233
59409
85806
6629
74978
18620
39622
547
66489
28899
54881
19493
28165
23811
9334
83070
19202
66064
13396
1007
8089
26347
94109
39429
80773
99720
87000
46334
16083
75695
60993
41999
16301
94863
71018
35253
28088
79126
16314
90027
78356
35652
386
82696
24730
66906
18908
33798
16679
90019
51499
72015
32456
21601
26190
86575
39547
78420
14168
46383
70273
20423
98129
27471
10239
65865
90163
36945
43456
17000
32329
13936
78067
36047
1939
50895
26293
86445
16918
5502
20114
90290
45952
92876
99033
16763
62490
19542
29611
3242
69839
7403
42446
75590
55237
26905
64317
76835
29913
84392
31580
72811
54350
84852
47678
36940
44779
66590
21146
91210
21425
88586
90651
49713
427
76470
70422
14465
47903
45601
17273
79102
8364
82500
16961
34069
8653
76774
79093
12802
32291
30368
96668
57370
36668
36414
74026
97114
18699
93443
3245
71389
2903
23958
29380
31483
45043
43030
77667
96171
1158
58645
1565
53800
33973
28811
90187
41012
1016
34788
66281
26440
47625
60746
88585
69859
94039
17781
56888
83483
6867
59391
46185
37305
31420
79683
53854
58123
18381
18119
2650
52263
20942
7114
37803
43686
38910
25374
10430
90421
41993
16508
72576
88180
37445
79232
71942
41678
35788
4224
52353
60242
82068
71784
10772
68969
16949
37854
81459
61178
68475
70264
90873
6093
8247
89232
56250
32728
87509
38037
76664
75543
47779
56073
49996
59198
92074
47839
53198
53505
74217
38895
75467
27760
85157
61598
7896
66245
56584
50981
12081
39455
97710
20496
32886
65990
58595
91183
33226
44277
5386
38946
16263
10672
65104
96045
96144
20547
85034
88224
63837
95529
92626
10576
89795
63115
64352
22545
8547
2214
96243
6479
42638
5239
61993
22636
72341
18105
66678
17565
58565
10359
56985
28410
95092
94105
42953
58197
82546
77590
98905
12412
98132
92302
42132
25601
56487
47699
58000
4327
23828
33457
41386
62643
92012
62326
41003
75933
78275
30899
8553
11979
45254
45749
30167
56519
78093
74331
47299
98745
4255
53252
92505
82965
88539
55258
35108
57830
32581
35735
60617
35221
3334
10793
13147
10493
11426
85742
55396
94483
59342
47541
90090
47911
6084
24105
35532
33555
3483
75689
16638
98280
27036
78948
26741
47887
20112
9238
86240
38066
7756
33466
78175
77302
93131
52992
50654
61074
8051
27340
98839
4107
19177
83799
5112
11015
97397
51133
33390
21649
92573
3481
46062
12845
11410
4220
52406
40714
23512
61393
65879
78327
62282
42361
52485
91167
10560
913
21752
88212
90337
17247
24090
75987
92253
9687
25370
52171
71055
24992
95620
24318
84273
90509
69070
27103
59987
33017
22097
66941
62426
25184
41518
82457
54068
98798
92443
68758
57215
35717
23037
38049
2634
97875
69010
44304
45054
31911
26312
48805
51141
46636
80198
22278
69113
29548
7570
30937
52037
35463
34084
25673
57644
19798
80480
12566
95966
60085
25776
89475
32568
93801
35414
72162
81006
97633
19408
80122
94126
16334
43758
17901
69833
45740
42626
74446
11708
27845
82788
31356
68207
39560
66454
52770
70745
90632
56869
76091
29974
53070
71111
72059
57648
70597
950
48349
30121
6565
86089
6282
96346
66868
30081
33994
93893
34311
50048
37884
35119
62134
37741
81867
21682
14147
43063
34317
15870
94266
47281
11718
3756
12855
64702
74776
57263
62513
32726
32064
85056
18834
59246
37643
31204
3627
43298
29464
40385
69104
47020
84397
33026
32867
1385
7505
57776
27890