84271
52769
63505
96531
90880
27269
51186
46894
8923
35635
78464
74277
41439
60841
37373
27993
25303
99577
14604
63168
33987
70040
56370
45842
63892
40720
38440
23502
81680
76296
64131
26745
77681
68866
68875
72391
43825
10642
57202
68338
63204
87150
75010
45884
51092
15956
77105
77518
49525
46719
44737
98445
53792
62427
88000
36314
16352
89458
16408
68890
94569
97426
63088
19797
43858
56529
91263
11187
95395
37284
90690
69915
4349
33957
37672
22750
85196
99573
73106
1751
62107
55116
51322
81933
16169
77900
12846
11180
11094
58580
71264
58773
9697
94306
52447
76398
51226
9130
24591
63753
22028
8155
82824
44683
47019
87288
5571
11177
58941
46055
9235
47258
10789
17814
22653
16231
54626
99901
81486
71073
34309
4737
42933
92257
74211
77439
2233
42830
79793
62781
60900
84984
97924
87778
62154
74133
66473
3497
22397
2952
64155
47957
23859
37807
28504
12481
39230
37735
91960
10219
82289
90743
24971
8917
12098
15765
28494
96616
56358
71619
73449
8522
248
32942
11485
90765
80259
15559
94698
82953
58614
81118
55252
492
53325
54333
27377
90176
72941
25537
86652
33164
99824
36206
18550
86810
57447
32988
91032
63870
55731
5021
22430
64487
15922
70682
78277
28837
21194
35699
79687
42080
1866
82433
54315
74989
90642
69873
19588
41238
48393
60271
95661
43504
9280
95754
82310
21896
94166
59737
34193
93131
6675
24760
56675
19777
60370
17296
70331
85734
20650
83968
30805
84989
93965
93803
8620
31137
16453
22310
90096
78458
55648
63922
40099
61017
81450
33898
6885
96898
84208
41089
23308
42570
56831
74891
24269
49382
12307
71010
50347
1452
70808
9910
97911
15083
2881
75360
46027
48739
9958
99442
92496
39113
63468
64548
54136
60602
67948
62111
26973
98354
87415
45258
48171
22480
65840
82205
35282
62460
91318
60197
51998
17660
91398
9110
94062
77892
43586
87744
8045
29918
54750
24594
67853
83110
2640
38827
22489
92408
91001
72803
43996
14156
97549
66043
10323
2665
95986
30413
42670
8944
32845
10511
84636
48493
14046
38460
24354
16683
40991
60570
86643
19277
30038
42168
95211
26980
44746
39933
75242
75115
11976
22480
89738
29742
57118
36788
60740
80673
90362
47398
891
44439
10850
40773
23028
33787
91148
73196
4056
62788
14832
32380
49947
82644
41321
26755
41190
26420
63928
1387
17552
28657
8663
40668
32263
42250
88783
86298
33362
16449
12917
98462
23473
64392
672
38996
43002
37969
96140
92470
80391
47766
88184
29528
8350
82941
97788
16897
13142
19879
43937
99923
68570
97605
66495
34723
20035
42868
62125
71423
90961
11685
66867
62017
5154
4635
22192
49195
31336
88562
79816
36313
48347
72947
95090
2911
3726
54190
61658
20782
85168
98228
66056
60610
13144
35161
44341
92019
40833
14898
59016
15774
47028
84007
57875
13568
56242
29685
47672
86143
72436
74759
65173
33061
25529
35787
39075
28368
21945
742
96824
13196
59025
85540
13858
14828
53582
5093
99165
22481
15690
70747
85229
79829
40602
86394
39934
89113
36312
90653
96984
90214
64330
39503
52875
8137
80841
82363
99968
29667
8933
37715
45200
94918
10885
88386
10186
54466
18863
97356
51182
51127
1384
11709
92115
46281
32748
88801
74100
62408
91494
5502
62884
44440
67779
69530
64752
87436
14486
13386
32459
82781
32827
27837
17381
42870
88744
34484
26889
74609
47878
7474
42830
20928
89683
86122
81523
59582
7291
57433
75918
23926
61031
86082
47620
98851
18215
68611
1281
14590
78300
66600
84928
6521
91839
8649
32360
51687
50683
65449
22911
32779
61128
14943
91760
56071
65154
94873
81125
18331
69705
12223
15398
39635
15443
25144
79769
73075
76118
60278
35881
82679
29127
212
321
62734
35673
71945
49692
52882
1459
84099
8957
84779
61902
91495
75633
76579
68653
48047
20254
15167
31619
82589
47855
30532
89827
2300
22222
20663
3206
77898
55169
33102
87893
93859
57606
32728
31995
53791
24164
20289
55207
60828
47040
40551
91351
45162
70786
44656
40282
21314
73722
53914
45699
34736
91947
22360
28163
84810
42083
65982
11011
64590
36716
94335
46990
70124
40079
50759
36309
40293
37911
79207
48122
18015
10249
15947
10453
81313
12248
23767
91648
9270
1802
26972
86670
73666
15492
15935
28732
9262
59421
64358
65775
76316
13873
13227
56918
40212
98351
14574
56390
1919
86367
60643
93929
6508
63458
46184
67973
2426
95407
73441
96987
88672
80819
73547
79985
14819
43686
37469
13520
72077
64458
67429
34503
49739
86987
90956
91905
89769
78988
88009
53771
36853
4830
65366
3058
97281
60590
80155
47927
19097
91931
3680
97465
33766
65567
7220
92107
31550
88149
94195
24318
91101
7952
48636
57719
82349
49812
7475
22879
56078
65139
43559
52941
72970
85534
6526
26259
31016
59990
26028
65457
12236
79517
33434
20971
90426
83248
3437
4556
64418
29161
34497
48677
10755
88902
68391
60509
84487
6655
43671
66315
39459
7313
50589
99887
87270
53936
75633
54194
58169
32268
66723
86905
35143
33578
94561
72635
41166
99538
31892
41054
58825
40108
6515
40981
55838
41741
29025
70024
85680
50296
72028
97666
4497
38160
43540
32472
53233
86497
8536
49449
41033
51386
94615
25153
55432
74398
43821
62283
79198
19457
20290
41302
41333
8377
4272
87897
91084
3474
66377
4002
22395
11116
19394
47072
37802
20529
66034
2778
88532
54781
91909
57284
737
82451
19699
2455
586
80086
62890
80209
83575
29203
9918
26653
70876
77176
46528
46627
45042
91567
38113
42966
19567
4155
65691
68276
71102
86716
2917
16227
10432
80692
2149
26810
59235
38427
94368
82552
70283
34570
72381
1005
50189
14575
88634
75028
20778
2137
99264
54428
72035
62375
59193
90266
55744
3259
17352
13257
36270
18584
28015
28332
60103
82412
90868
1670
19769
80798
98257
26513
86638
77554
17229
96728
52185
43341
95547
32973
27578
50512
66564
51743
10868
67540
60359
66149
58546
92209
30761
53993
13435
42549
14487
69328
98706
97329
56383
70415
33230
12060
38454
65243
5406
86373
88987
21148
11139
94079
58597
69595
95609
32129
40096
73213
64036
61320
31194
15254
56353
57799
49881
8296
73574
46746
4349
18703
30272
54487
69923
25194
22810
49776
77925
50069
81088
36553
32212
55712
55793
90882
13633
11307
16377
11372
94390
98207
63988
30432
63098
55532
46545
48980
2936
10343
33306
49647
29575
46442
62171
35594
50574
61430
54537
5488
44630
24240
92542
91413
93760
67893
65596
79180
35607
16558
54881
64107
80734
42423
55903
52916
83835
29903
20129
516
99037
35319
21488
40484
91906
81765
96988
23038
83449
41516
26265
72588
20137
73401
23387
24909
18160
24893
56733
5397
16799
91228
15021
79856
98410
20070
25499
91913
44325
70075
12098
38453
11419
52819
613
8154
72743
798
69955
400
77239
36980
51855
90551
67489
1401
58872
74453
22531
8383
24112
80448
94758
22030
34664
11534
10966
34913
81972
8520
1447
19508
28027
81508
99475
43195
52648
67551
49964
21487
23203
23846
99526
63587
37868
27631
54890
26391
96874
21083
73124
78150
97527
21325
73461
59855
56050
16961
9625
71776
73634
66779
43293
38731
6539
19146
89581
1433
73074
75558
47843
44471
62519
50682
46165
72023
9725
33880
35712
41791
92623
49612
23733
25046
86134
42843
33474
64911
79707
57685
28878
98931
33413
32859
98687
7390
24664
70484
95204
95932
32142
74521
552
53085
26048
6155
55705
21454
99286
82574
50953
94934
76075
93369
52036
24966
91634
36454
13493
96871
78322
15524
64848
1729
18066
96963
54846
70743
69742
26300
1934
83913
28266
96115
40456
93209
44943
13463
76922
199
67237
89566
75058
68986
86973
66193
36115
19409
37691
11933
51227
86869
61774
32644
3972
19171
3841
4876
43882
56150
60600
34334
68361
66585
11472
26525
74496
38556
74263
23375
64832
4327
39509
78439
51891
53578
48685
25788
43046
4479
62893
87454
64884
21034
75097
17274
69583
15462
54727
32766
69018
5942
44056
22893
7767
93826
51523
84766
58291
6982
42620
14828
52931
61477
95059
7934
66923
59775
35448
84547
79459
18690
82896
60742
78256
80665
60195
47705
11726
89823
13905
12826
17388
52327
9619
86126
65006
4238
381
65865
54719
92226
56319
32808
6088
89465
60268
78885
26369
27273
321
16929
90473
21257
70170
52130
76798
64085
55480
58851
34164
68902
41960
41144
81446
76665
38360
36992
5948
8008
2039
37730
36885
43511
68894
99211
9665
41700
47866
5527
85802
77964
7634
72939
42921
10226
59915
31063
91165
48906
81108
50419
74097
97995
55269
35095
50681
50827
67874
49534
91750
97249
93651
1768
89395
46645
68658
58573
90583
64225
19744
11121
14838
78515
58235
33141
4911
94741
33047
79318
40327
57735
12368
67971
99453
76332
36197
94298
81602
30423
57064
68280
70071
38618
79372
41315
23974
27535
7783
73265
8354
70508
22675
62619
49993
14329
89812
54471
17978
51752
75589
36633
62396
81289
64438
6035
69684
64857
66525
93287
76535
2476
52059
88630
79869
77703
35472
46269
93498
51898
20059
63857
99217
13756
55660
70759
40149
71398
60908
74998
66866
29285
49687
92400
23197
88764
41311
80665
57935
86626
49039
24270
28148
41746
30911
64483
42584
25621
16204
56248
97267
57871
6369
34996
38308
80395
45166
70874
6011
84818
41440
98209
14587
71287
29040
23019
83289
77487
67566
47543
82457
33901
34594
69868
13988
39789
89939
52197
9020
61497
13045
57826
89400
71762
60374
96005
79705
83686
92955
66502
65962
18107
95205
88372
85807
64133
47147
58756
83616
73947
85886
30481
28561
39467
46462
11927
16060
90342
24848
94186
31112
59350
73183
56442
70043
83816
46697
67313
2169
61623
87296
18078
59227
71492
35756
73531
86489
70705
138
68992
48184
29657
90308
99765
26862
77610
83699
64104
16008
90765
75138
36884
40553
15033
45919
26048
51206
77541
54575
26261
49796
84007
89186
53147
16268
22256
33628
78674
29963
54888
83914
59570
30314
4210
87883
11441
29919
7613
69523
15871
78728
18113
35994
83831
98592
86639
36344
93792
49431
38065
58969
39934
63009
72368
11682
72056
63242
49923
87640
3593
84947
34602
84885
49599
25961
65692
16553
32271
84291
21888
68024
57481
4108
68438
95016
3620
1480
41800
56465
32481
18126
3002
20731
91454
45549
53234
48964
62975
85860
89697
72491
29624
53047
81328
16983
50993
55978
13239
82149
51744
59153
8419
44545
2457
93666
95840
72312
11652
9291
24458
55870
42037
18310
13200
4972
776
82646
67612
20089
92450
63211
80194
25554
60253
13973
31103
33954
51588
13240
2036
43836
48050
49726
29571
99863
12791
81337
58296
60442
16146
487
33788
39561
19152
5173
64277
28329
94434
49410
67052
64922
62198
59024
33042
12398
65112
31368
9520
38942
12285
967
90631
86137
8397
57773
50967
11603
60390
65927
59941
62383
10254
12034
49684
60657
93176
6450
8503
87478
70796
52021
29241
41007
57903
40364
74533
86391
79846
17300
7010
89672
56833
57866
84352
49956
57836
64613
5755
13774
7746
8814
42046
68000
95902
36809
28053
92793
80446
23171
23714
98725
57270
38148
10941
93405
49180
62986
19937
65516
23541
76823
65886
29502
5455
93922
2595
29767
67993
78486
41802
48072
58846
44158
24750
54382
19468
35986
40083
24025
63853
7236
44298
11426
12360
51452
43687
83317
13025
20884
62630
91060
64137
3773
75297
86484
73010
45574
23471
3726
94558
41822
94566
94485
43481
57305
75547
5655
43963
13428
55522
66496
33521
51701
4155
74807
12794
44521
38329
92991
16139
34250
14445
56616
27761
79693
41166
80060
32526
20033
72444
58779
84220
53944
37487
40343
89104
19776
30491
40310
71215
62307
62839
67456
95238
12751
72410
44746
88613
68249
27292
76384
56647
6933
82361
93292
18103
10850
7614
77540
55677
51620
75202
43196
18997
40488
34090
12606
5543
98926
22290
91268
62796
34899
47762
52760
20967
24185
95766
3414
70127
42253
98268
88573
86760
53419
70188
34131
36085
69429
80868
20990
51370
85460
48621
23958
80116
59274
14738
96335
54931
90134
47024
91589
71162
90165
42640
26543
43254
53116
4531
29202
60001
68679
45108
83187
93751
7594
17223
32780
7777
12317
10643
86023
41346
90291
87708
83816
14587
33166
64159
22411
77010
93530
1005
48880
87414
52119
5431
55246
42560
89933
96587
98404
95215
15978
58185
40396
67817
20805
46419
38326
70003
15356
18547
62706
46870
40055
22477
12612
14123
75653
8554
30803
14842
44140
70754
14011
47270
93662
26087
35412
20256
4757
66160
84893
67528
41459
50741
16446
22442
35187
67384
28274
27906
78919
19015
81270
2849
66377
55738
89228
11927
98328
50938
31587
20251
54378
83040
37742
28219
27463
96660
64099
62587
81835
3758
20940
2748
81662
68691
38562
91498
37351
42820
29057
13354
27208
34655
28554
25752
61854
85063
74119
29363
654
51415
76790
64861
34421
65477
72479
85903
6535
53870
1519
73314
54563
10026
83980
2076
26082
64226
12424
71379
25407
77354
29106
68203
16870
92222
97212
82487
21261
66998
65454
48232
5294
7540
12996
99366
71748
99808
2349
75951
89066
27928
18242
13909
99369
58966
3181
72739
54855
57361
6201
71321
98297
28645
40013
77950
55697
92122
77318
22520
33276
84490
34156
61079
86137
76068
90706
50685
29425
8810
44201
15574
92703
812
36967
22052
41111
1050
52434
3880
15346
48465
15852
5527
90259
5915
48210
92978
21118
39698
21495
51565
5360
95879
19790
51067
50141
91443
5568
95088
39243
9404
67735
59136
86094
27668
23992
15780
10745
42371
22600
71706
21555
75223
63534
15554
53763
31695
32240
65732
97467
37407
8611
83380
7440
55908
39150
12299
38909
82260
20728
93873
99539
65976
28851
46262
70066
70596
67101
61397
91315
64281
89452
53646
64705
89800
80014
57632
28494
11152
62671
69470
838
65730
85291
93863
27945
26152
33307
57602
16912
339
67975
28306
67270
64552
6866
87826
77604
27429
37683
20427
9885
97863
74525
46376
74830
62212
62759
76646
94755
77478
60258
68122
17794
42328
89042
77087
26226
4582
28286
72590
59613
5953
74420
93042
75205
30038
90977
54332
87822
77011
81213
55987
37918
91021
24210
45592
20462
52018
30913
18723
58129
75939
87999
38832
26153
66667
31039
52034
78793
89541
95579
52058
9628
28820
53321
43680
58840
27592
13306
75447
73875
15423
74686
21716
703
32506
30136
46477
42609
75018
73392
16230
95194
92167
55551
50684
88304
44058
81271
3431
29877
90181
5543
5430
55663
2858
75259
91567
62420
10736
89399
44340
28935
11801
70468
32192
74705
51035
2466
75106
9030
88269
21651
96315
56070
57730
25231
22314
21116
86722
98259
99813
41679
10362
46003
1556
71964
32635
89994
92027
85593
61369
765
41876
70881
19873
38651
64882
38353
29108
18259
92556
27355
61788
68648
1236
64637
98971
15633
85936
15235
21173
12384
96784
77501
5502
56685
65222
54077
64598
8601
87536
24901
28198
78948
18743
31559
18760
13616
50826
16397
10375
43951
26754
72883
76599
99677
59984
53471
9952
89403
3725
66167
70628
13321
84830
5032
83204
41960
60276
61410
80458
83530
67487
6946
83110
49257
85207
23269
63054
19140
14449
84289
5431
11670
2543
54422
20039
72609
92243
33476
99697
38374
90912
48720
45715
90449
95678
82854
25711
28191
216
87667