81271
89742
16472
53480
84449
83483
58923
26995
19936
66062
98380
38512
44725
12397
53137
26117
28496
64060
4550
27909
80950
96709
71288
78480
38492
34064
14994
24735
30353
56356
22440
52984
59068
85939
30849
23827
32692
90402
21742
75111
52566
31885
2530
19846
30063
67566
25019
83083
1105
10768
80351
84765
23753
85127
92951
59679
61532
75283
5687
20407
44425
6871
91964
2132
87556
46297
86252
30409
7238
5969
86754
60115
97554
45220
52983
9171
5655
87308
88902
94546
46447
37749
16329
401
76429
89684
75650
18666
69762
21307
74593
36443
5202
13476
14471
83325
52564
98040
63107
46763
96105
13305
67958
80078
21993
189
81880
70021
49719
35142
96231
1409
38072
35772
69515
21768
34258
68563
11241
76983
38450
32584
6745
85068
42120
89125
53560
5549
4158
89088
30572
64500
46127
51860
83472
33121
86606
443
63669
18005
71201
28928
74033
35959
12121
89540
65128
28583
7378
36893
2158
81421
10283
44182
55125
36756
98112
41917
74543
93574
50115
37791
64342
60119
68797
9848
63968
17832
82542
16553
37983
24495
17468
45054
41545
26719
69141
68100
23580
37553
17086
47482
21141
76987
72176
9504
88348
91756
71072
74997
79434
37588
27286
65484
40648
11422
82930
31074
99007
50393
1479
22973
1215
38224
93407
78826
39052
11775
36997
19265
42128
52230
46102
34240
25218
24623
1582
54144
903
85450
44998
15889
71139
64972
83317
75416
6019
93639
54127
79210
34703
39454
68400
21601
86022
32745
84160
10917
78840
91940
33283
58292
56048
24222
87291
85444
50925
6729
45849
94865
93784
71931
86625
9130
64207
12586
40541
4167
64915
18411
97283
78520
7201
14341
98616
59675
25005
28266
70593
77222
85487
33388
71972
70054
32362
98026
89123
68787
85108
80698
77749
88357
3025
73370
66792
17833
75842
83384
12980
9577
47017
25845
97748
57378
16419
19355
70525
33967
40458
83966
19243
10809
27733
78766
13899
19074
75386
11528
14369
81879
57055
36205
10137
21110
24895
63779
29306
49360
65454
51532
45943
91597
49355
27752
23476
30978
68961
47137
58222
88368
53475
90715
97454
97438
90373
92951
70433
60593
40493
72263
31976
72116
8936
58583
11360
76895
15653
65505
70567
44580
65232
60691
31582
92996
55998
25347
38713
17261
96459
8586
24000
6597
99169
91610
86821
51139
67516
10187
70845
19241
26951
61642
41857
66932
88558
77089
67681
86869
96163
10384
58871
73672
98566
48595
83306
40910
7961
2558
46405
88534
52941
25698
87089
47230
38557
74673
30019
32440
66360
30965
68627
49298
58355
48637
77481
67354
34164
34551
82952
29220
86212
91051
53915
11908
82944
11390
86276
1383
61726
78127
97460
39386
68711
59092
62423
88498
46448
922
79251
58405
26648
56717
83175
43479
81223
87968
34423
9411
77724
91904
73911
82722
35188
2732
5004
92200
84976
48433
96883
63219
4153
86161
68967
86492
29481
89492
99632
12409
75231
49626
19862
13995
40796
48356
96586
23891
7714
87241
9988
29480
17829
40346
71234
88542
75343
22605
68785
6553
62320
14566
88976
58512
3420
83816
60051
71928
991
77375
94622
2334
35049
95959
60456
43599
62629
26704
85884
25495
39106
67213
84623
68210
65726
63726
40466
99276
29254
78235
92971
99942
87636
39128
93172
28733
36924
94514
46175
74235
33301
67661
11658
75579
38941
47459
23772
75024
28938
32767
80169
69536
29335
28917
44895
66771
26069
39271
87106
14745
73211
95166
4634
15317
36032
86715
14219
33887
57789
84167
62285
47761
21096
16970
19717
21690
22082
97436
49105
25067
85193
67361
52893
78841
93690
76134
73630
96985
22501
88741
25403
47307
20680
9819
47304
51700
96871
26074
49654
32359
11220
95119
17941
89157
50328
93362
47246
56262
93197
5486
55859
29157
82454
65376
74504
85422
23567
56956
43132
3437
13105
76405
58926
44107
91052
69391
68465
17524
49566
88441
38434
64405
33813
23720
77373
22389
32033
50850
91128
41551
1246
46422
12481
44345
92710
18061
18444
84470
96345
96437
17984
66313
31581
57507
2421
91713
75124
54082
35833
95644
71772
23924
63113
94164
71523
32820
23060
86146
96721
88875
1314
8964
18254
16010
25900
86064
76446
66429
11738
44570
85993
56251
39879
18662
35954
48300
36743
65697
18227
84030
52685
965
54815
10499
4941
40524
53730
11093
10741
54502
46528
52749
83048
80273
85590
60451
17200
57254
57439
82862
86286
60282
5161
1908
72297
51432
79172
65784
57546
38496
27126
82246
89521
80999
68349
52015
3732
43231
21907
10876
80911
64654
4170
26063
1389
18096
84533
45700
62760
44693
42261
9496
69600
30224
46918
84281
93127
62672
97215
57647
1513
96123
89607
8266
24092
80210
1134
47822
23407
92484
12134
42113
74311
38938
47140
31031
72651
82531
52033
41582
36243
2304
22866
41295
82323
46490
60828
40974
93016
23003
55769
89912
27954
55209
3164
59783
77205
95396
85235
68453
44519
31236
11836
84629
93363
23040
97638
73558
19761
83916
35918
79475
85000
62802
45780
78411
32697
92717
87043
24362
3069
30808
66109
55375
57967
23557
92576
46237
54518
48789
12002
67113
82441
19962
88288
95654
75730
50024
53114
4075
63952
85902
35135
34101
23039
12025
79721
47657
81537
51258
12260
44325
41635
38239
2462
46583
93933
35194
85794
37939
80667
31243
19925
25996
72593
53841
95019
67204
44020
66579
36181
43370
55852
8007
16199
39054
19237
3165
83567
17505
50410
27156
60901
41450
71170
59898
47872
27032
52751
48167
30584
97019
87623
55293
16701
18947
82144
84691
39039
76059
3654
16166
15208
49903
18444
90271
64454
60604
54219
24156
32501
53186
85006
355
15643
68650
7151
69433
41658
57897
71726
40373
73288
34226
78490
83157
62464
63317
43625
96061
64200
23435
72106
66412
58007
25109
88741
78056
70199
15226
83400
97697
16418
16979
24340
79080
91235
88732
26874
80115
47066
99743
99697
62228
3900
8735
6168
37135
50763
7170
99113
16639
46126
37529
86350
58984
95809
44646
20257
3567
47533
76722
11182
88397
39198
28496
91805
36687
96700
6348
70403
6037
56472
12956
4056
81828
91444
75334
96324
23874
44431
734
30442
30732
62910
10582
81237
47371
70402
73917
19589
79301
66584
90435
85291
12145
48665
7023
28772
41068
51953
89116
14066
24092
78263
55305
26321
24241
5426
38708
38981
35764
48366
48182
77951
63764
90202
57707
11834
30292
996
88638
63225
8807
49278
89768
45078
11942
71066
45494
38300
59839
3342
8693
53694
37557
37732
83950
6759
97497
58677
66844
8564
18536
19817
38309
45636
91197
3178
24625
11994
91247
64243
70702
87715
99084
59200
46446
54626
32229
17423
1374
68195
48510
41666
10941
3383
44984
1948
57294
41301
72608
85964
44226
28359
45629
94488
51720
41100
39236
6314
48008
15460
33121
85141
15118
95223
59757
32898
49249
18390
64337
67303
25425
21213
66886
31608
16414
15534
2012
41071
81442
74429
71805
48131
2998
59289
42967
15339
19018
76928
41504
28743
72623
65351
55932
95719
10058
86372
62754
6724
5674
4172
78876
49331
15842
53047
51566
46326
6946
83994
1910
67037
92198
75421
9260
69042
25019
89719
33344
42145
78129
75028
58769
20379
12415
87536
27132
1847
93774
24755
81417
69989
31468
72404
18971
73240
64589
71470
45522
69853
35804
90094
14644
41687
52362
11363
66977
81649
17949
20961
28822
28620
57904
44013
45996
15678
26440
75000
13901
32407
6859
94552
44308
61705
22489
74318
99083
24055
64070
76521
71983
85655
82135
54377
69299
15378
31308
36295
13460
44708
64754
13220
97841
69872
76977
2007
20039
68071
63030
97959
48474
37717
9015
89385
42530
90187
32626
40854
67906
79132
51476
69628
63845
48479
19661
21601
59183
74609
23440
19922
85706
58059
83634
17017
54034
82462
51234
6776
71639
14353
34654
98760
74960
59723
53897
27316
47322
63110
57644
76542
77481
47165
63236
10775
36350
65415
92441
40620
91038
25102
86022
72326
61343
56974
33928
55919
26003
46737
57595
56384
72406
77536
54494
74794
12138
58974
64767
77876
55947
517
91862
1149
80891
87811
63711
71446
34465
74846
51769
16391
73012
18181
53049
40205
38641
97488
65150
40706
28891
90471
48847
77722
82948
21089
77234
88081
2953
5811
835
94371
92590
34719
95741
91389
14133
13976
95770
78600
43902
45751
9444
51992
12386
54914
43284
58907
38275
10361
7130
84665
13782
99616
18043
23932
97010
98335
31953
98641
47732
66772
51514
12744
72271
46102
3164
26120
15477
87870
32794
84288
8514
12860
18680
5208
31622
21943
61464
79701
2031
29728
32663
4441
39451
6330
11157
97255
60133
44148
7856
56771
38163
41015
79635
71678
26992
29158
80444
74648
90991
68506
10377
33988
49535
87194
57413
75482
15916
28294
56200
38821
52364
73945
95486
36865
40968
35103
39941
32069
47192
43257
90932
75107
26968
32357
19646
38646
70686
41294
49316
19250
61408
23117
44257
66907
44093
56524
63472
83150
41867
46925
79650
75668
55842
98206
31552
6282
40117
98975
11419
39541
7826
43210
1063
95238
55973
13982
47910
5893
68855
53933
92235
93842
63395
69174
18541
17418
67337
81475
9056
73658
69737
9468
47747
66298
27865
78893
73240
55671
4940
56366
90096
60000
14205
34257
97172
80290
43974
998
90942
6844
45171
39496
83765
29660
66917
44590
60962
84907
44355
97380
5318
85473
28678
46882
83681
91721
40775
6103
56769
68200
79256
22246
5170
12197
86121
50287
77181
14498
13686
98970
22507
5256
10856
39829
52258
98014
46390
56732
4639
94828
57890
90669
61862
70223
4711
88849
60660
2805
42629
61025
40025
7715
77734
71055
68692
7132
74429
97648
31767
41396
9716
80365
51867
81806
38178
20987
7799
39549
3814
89297
75672
34632
81545
33357
18938
77713
35697
92264
88886
56061
74239
25641
10249
88741
77071
13745
30086
44820
76444
75634
83623
2821
66620
21345
97258
22774
55586
58495
16142
73410
83167
26230
90323
58866
8231
94892
41299
48303
4373
1231
84183
22382
82680
59776
93044
18713
45056
59532
38254
99473
58102
41380
80652
9020
42076
24519
52550
36402
42522
95674
88730
2978
182
34164
58018
35311
20427
33312
97890
1588
39680
46891
52799
46730
55529
49405
6727
73048
89561
62335
49594
8079
84068
71075
75885
79772
16822
969
53861
17173
588
56393
24609
36165
73909
54104
35613
55603
80329
82804
10174
93443
70304
8105
32009
46681
29384
68623
4572
49483
57000
20563
52454
52828
98963
17453
98394
29073
73550
76639
35734
7585
29480
93984
34759
34460
34892
62406
48838
65157
17344
75356
51953
11627
41004
6222
31700
15001
37485
26420
86337
52863
8233
39521
6877
76215
39110
16692
89305
91914
539
99567
8546
76525
72001
98036
43170
52036
15853
95048
58937
48159
90107
24614
71228
65977
32672
58868
25151
49155
60641
46031
68574
67757
61896
36992
49667
65654
57495
31389
49890
99605
1863
4341
39405
94402
84195
18679
47570
85255
19135
4883
65651
35826
8435
17669
55084
43047
88128
28290
52766
38338
85912
65299
7181
15893
29691
62614
20895
72088
56103
6160
62437
51590
89598
77064
59695
59239
92001
88958
44636
31624
15078
43136
73673
48782
37460
31897
3084
13170
39653
11201
99643
72496
81140
38023
25929
31360
6408
18232
30611
64725
30595
13252
18648
77897
21399
1323
22731
37098
64432
44512
33089
41206
89382
36478
1784
1140
46074
21504
76902
56356
30068
35810
98906
81825
82871
49150
36301
2580
83218
7055
58328
16641
81884
70236
71769
88424
58178
32379
55185
33123
99475
52196
66980
92325
58138
15191
71232
56819
616
4926
64104
86522
482
15015
89091
54530
90527
27408
62670
80236
69344
77040
68330
40103
78413
59775
33848
18903
69860
67433
18692
83052
18653
71022
24944
48917
84307
10495
16827
17674
91441
20849
93392
71401
51719
63562
87768
94347
60496
74866
10709
40873
19803
67369
18366
77245
18772
5998
82827
6733
2432
45273
19700
61746
16381
98121
64948
62433
80127
77609
72644
81705
25599
48389
81921
18277
7689
63685
44440
89902
76473
39990
43861
43107
71963
30859
51893
25723
71964
80091
13055
26358
45388
23791
45146
53711
83075
24778
78192
41346
46639
99500
93920
34241
32050
40967
3871
19379
81401
62419
41809
2989
23053
62666
96263
8982
98860
27805
74316
6518
67078
3288
62882
66819
51629
89590
27774
57702
20315
12464
42210
51917
60200
53400
93165
84166
43445
4971
28408
49351
16280
3070
65278
4767
97332
57469
73510
59922
12486
11995
78882
43009
84611
88348
9987
5732
65050
5889
15398
33130
55530
96274
89968
65080
97494
43562
26175
87424
27648
28472
55706
62836
62480
79637
88113
67119
23785
7895
37346
69786
89734
63876
46273
66783
31331
16987
81778
79443
26641
50098
37414
70086
65644
19204
44067
22912
52079
24725
24512
29984
30899
86067
37824
54203
56941
74551
54947
61853
24972
28843
65510
2453
84303
59366
58175
61182
34997
81231
51231
24725
38437
84259
15789
73275
56420
19931
41757
51538
84721
98212
70132
96257
59074
81959
11045
19464
37611
33923
50606
74464
28509
73662
44919
61302
41585
17530
25434
21104
34311
54101
70027
62829
28817
25275
15846
16038
87796
92726
40813
49613
61801
45410
93872
25862
17101
58490
93492
27606
548
9586
36465
38919
9211
51083
653
76386
57581
13293
89896
3717
84989
24518
79250
29334
55287
71829
1043
78607
84574
90193
58946
28390
91340
90452
55621
17677
59349
67454
78606
29587
68254
81780
15974
80461
75800
20803
83178
77100
19927
46734
66493
18886
77953
42454
48969
86992
94304
32663
92773
35607
37285
85375
15261
25314
65469
58482
32428
95357
41613
70719
85281
7772
83330
58900
21017
32285
16762
78914
5281
84830
15484
89450
30419
94005
33833
62706
26391
75313
92995
6496
78879
29330
5144
2401
14536
93475
70590
76869
97685
59807
73345
73021
54378
23343
76364
89318
75394
24449
39365
50088
95300
70295
34610
35653
46831
27090
76797
92284
18041
13085
67073
77504
53959
73295
6448
18263
27867
94543
11020
27745
68107
13370
10129
59472
38302
86297
93299
82132
64013
29295
89133
43815
92662
24849
99120
84496
48894
60003
30937
4588
24100
71456
22374
88010
91273
86076
75724
55561
77489
74059
57465
80312
12387
43753
87783
27016
5186
36036
22606
27521
66336
42171
49508
93242
60004
62337
20523
408
50410
40565
36211
39704
72602
90799
17268
27915
91237
73266
17869
61800
60696
34777
34764
38249
61090
9506
4261
43400
4991
47373
96156
36832
61450
33238
11577
73781
41312
12750
93416
65651
37025
50337
40058
48488
43914
21840
29770
49280
33474
42443
46539
70499
44693
65976
23428
40151
38801
66764
1199
26405
89410
56809
45033
33528
97030
48810
63880
6662
34597
94138
10678
80492
24578
84772
26953
77119
95690
59313
4535
23902
14752
68783
56451
36126
89430
76822
58144
7464
33735
11641
32829
79902
16922
78955
69976
96314
11980
64126
13858
55019
35344
26838
20565
83336
79206
6869
80490
34293
78599
25249
54315
52109
5838
22579
48797
60366
4381
82474
12811
39106
34518
72603
8365
62532
16666
6778
32238
48547
20010
14193
35450
66261
43840
2371
22544
60321
3789
51291
5649
65923
65092
31946
44647
44022
37694
95080
95328
58289
19054
48680
8030
36906
38957
78115
55966
96143
27777
43663
99404
3452
97387
42809
17685
64863
35835
51657
24727
67815
61884
19197
35445
31122
62957
27432
28137
19445
33881
41298
53282
14270
19129
77054
3892
40504
62284
51552
54873
38977
58032
42090
28558
82666
35307
94083
40691
37747
43077
27659
65897
8691
55725
21045
43189
85949
27078
19108
98016
67990
5383
3001
83273
87733
12554
55098
77772
78582
50980
93759
22245
87635
42402
72787
91886
81607
96183
80297
37258
4563
4518
46565
12815
87350
39755
51969
31086
7560
13168
5423
81780
84391
50586
43202
54806
13719
98198
45260
63506
72150
55333
21097
39286
22863
15867
20383
78598
93464
15140
1768
42988
49917
86627
15954
38595
52894
71233
96335
30008
19847
89787
81392
29569
82712
14852
45052
15380
4087
19518
42447
44527
37035
94959
37702
81388
22274
58192
33612
10530
26194
63211
53430
2663
71427
57570
9230
55820
9149
99629
97971
12181
89577
68137
9936
85860
19239
91839
56599
74557
65475
83143
16825
41922
41875
7591
39191
89859
71524
54315
77420
6279
64865
29752
96803
26080
86476
52205
32499
95515
3356
17022
4053
53199
77219
15265
80538
22311
42440
57492
14991
16722
61525
98633
82106
68946
89436
49575
63667
22483
61082
97147
81417
92600
31609
14382
27995
47242
14364
77067
94213
37697
31020
71619
57069
55714
99858
1795
72536
1976
9149
22069
81380
99718
56938
38645
74116
42543
23183
72094
73798
48115
37282
40029
6316
85744
98514
99341
50525
54362
34300
57849
52951
29219
7888
56489
30477
32267
95971
62957
21389
64767
65670
70914
37185
81082
27297
91235
77664
70120
63981
50761
80212
36106
29069
14027
80132
58282
74584
90487
99844
14490
25218
19204
20992
45318
31898
76255
52876
42178
42766
37681
13969
17952
70235
77870
70433
82851
17148
49475
25461
3660
94041
82708
32087
53912
74520
47865
38140
28557
10360
61390
48834
44645
25065
10359
79789
27636
21736
61914
25638
97106
39572
5117
70937
76727
5188
78418
4233
25610
59913
69596
13396
18914
31008
80611
88913
97226
33478
44489
33207
44466
21343
3269
60713
84413
14108
61313
75729
49395
60972
40737
59839
43782
5521
24952
35692
72218
92835
96497
93040
82748
36730
10139
55239
11895
61838
23993
20488
20900
71164
25854
89997
72666
5549
18124
46658
8930
21052
19224
24209
96498
36920
16145
90455
44133
12522
45907
67240
71823
96639
49001
41499
31195
53557
64015
64720
45045
12334
21982
60123
24462
34554
66002
94265
84968
89818
85994
23387
13569
15057
36067
93624
76792
11541
6124
7628
36829
60229
97114
89055
38284
28718
17186
24500
10863
63826
26126
18387
86690
3184
5627
73484
91470
5607
47676
78363
41112
95366
72080
73552
76463
62335
98091
39600
81754
99892
41063
50309
38774
19440
24961
18021
33421
60143
91907
78713
46942
83453
4677
15624
39902
20447
30994
99710
41359
83032
8250
54747
88965
64774
26563
85300
99405
82360
66348
84905
85882
96402
44155
67315
89134
73955
82921
21269
92903
94687
68579
71231
17099
1431
51878
78160
67179
77422
91192
86486
74241
49211
1501
36725
88159
76636
29587
43562
57295
40946
89691
43602
88293
60492
25340
46538
47153
50634
21002
55990
55139
11951
7692
2719
25322
17528
87079
64597
2603
82865
8809
86892
61974
67928
72936
75965
18418
62960
71651
72685
9297
59359
98818
11445
82141
34185
53157
79135
44188
30762
31414
2925
29283
17113
29312
58506
38213
60058
34621
38489
46297
16836
62629
47954
90969
85741
13602
95844
52917
15363
34364
1355
36335
31729
49098
6809
38958
29566
57293
72657
28593
60859
1136
8250
22932
10974
78496
58749
61492
89491
66274
70144
25802
57501
18949
16441
51332
49203
48424
39457
70189
44942
13585
43481
78084
99675
22431
54431
49346
15791
69792
511
92372
3506
59185
97031
25162
54545
39006
63804
98652
32685
61357
97668
44710
54753
94668
97244
33191
45009
71430
11227
84482
76711
94061
64811
71059
79364
65130
60626
92520
48414
2083
10217
93937
47162
17719
7617
64189
60609
57056
37599
816
4669
53448
92016
10266
83472
52679
43122
64974
7371
44655
34470
13969
11216
25474
9131
89729
64401
63114
22012
16981
45436
70853
46537
4920
6625
53768
71370
76981
87221
54771
34687
40867
33980
4323
84819
96736
68145
63787
97203
52780
60354
39012
33388
12018
79350
90299
71392
16863
95002
3219
17309
73121
88262
9477
59375
85474
62871
17920
83674
53325
31967
68498
421
47262
83303
42442
75070
57822
67850
73005
35507
18192
14187
54477
60565
39382
78999
72120
30936
50006
14616
1085
3025
48122
22611
25311
42587
79969
82780
17051
18289
13494
89445
96988
18549
33596
1143
29206
51741
49292
74888
24579
90527
15876
28148
31664
31619
21189
57175
98165
51409
28238
58215
78417
35319
77248
68303
20973
75041
8405
13822
91005
20689
26550
56916
83131
45104
48856
41626
71985
30470
35335
63237
60832
96598
54359
35265
51608
4921
98642
32241
87926
95016
35828
43280
77270
55973
57658
92828
22129
68570
80979
42647
50547
95302
80598
62320
66984
5971
89310
93309
11563
91674
90418
64222
90995
54128
49060
66974
25401
61736
38370
42551
90567
4398
56449
78552
42470
40013
91313
12295
31905
75773
14164
89931
1645
29795
67274
31009
82726
42591
85726
56044
56165
97970
56983
62130
65401
5295
30001
58799
78431
21904
44715
22931
5654
66161
52096
35615
90520
16806
88664
33373
60916
50409
50724
10057
86082
50212
84425
43840
9399
54799
98265
21243
13311
98202
65804
12879
8695
58447
51954
87447
78830
88235
22108
6062
80073
73637
32787
90848
93649
7485
56227
50109
82339
84516
32258
16140
83123
15627
70487
47815
42345
18243
42395
37290
78779
19795
93776
47676
22510
21897
7435
88419
42191
3352
14524
46647
3934
33992
98249
23131
20066
42328
84653
75634
40807
9803
69088
19983
92755
61401
43027
32425
25111
42809
46311
53945
42618
61863
11373
82639
30789
93764
59205
10310
68651
81202
86696
58623
97991
72176
81035
84706
15884
3780
65683
46858
31977
73600
59354
71666
11598
46398
65836
89667
43059
10432
17633
56449
42771
78358
10446
85460
91410
82311
23629
15939
10115
87268
49002
49952
19151
48155
51397
37366
87047
41463
13481
66869
53731
89674
18413
32605
27276
85431
9089
13803
38910
76404
14249
962
98227
98728
38359
43577
69556
72323
72659
37619
43059
84508
57585
56673
23825
8996
96630
82823
37683
25675
42187
18423
65192
14321
19055
8628
68330
17342
89698
13850
88239
18892
15210
52865
66726
93599
10762
32558
49076
10775
24716
9340
91271
30095
91496
25387
37140
91359
85477
69039
87125
67353
83845
7266
83303
66238
25157
35375
95509
81008
11867
12664
64411
40682
69430
8983
77594
58522
26454
2658
22119
90755
59805
33309
66095
76861
33719
63812
55438
71816
37945
25271
46563
98751
86198
19751
11478
22129
47378
20391
50335
98417
89511
51546
57210
37396
94375
39605
66303
30591
9622
80815
53140
60577
26164
60024
48904
77087
85400
31222
27614
69492
78919
18819
16996
68092
12977
60491
62371
60882
68976
87724
40305
41591
26800
80077
39939
86344
10741
76020
15517
30928
48926
42557
24874
15788
86903
8033
15648
26201
28562
82650
51203
16225
22086
43982
57718
56861
25726
51851
71198
58608
37454
41630
80797
25030
14578
20762
45624
58396
309
18358
45275
48401
83091
83826
93197
65874
71857
88907
28132
52402
62873
51599
71804
49427
88307
91323
46162
36828
70024
73923
24949
29732
79083
99468
41914
35683
76262
21981
19831
9707
99765
68885
43774
18215
47720
88130
49716
45127
59214
8472
93260
46366
8992
67250
48336
98804
83482
38986
49632
62693
62512
87897
16273
30276
47899
83702
8338
47566
54705
20871
54834
67978
48136
73100
36704
43686
78674
49072
19713
67617
86541
58658
69406
25838
70594
75209
56521
10752
99196
8706
25384
5534
5744
2862
19167
84569
22308
77706
25294
32820
56433
2530
4223
43274
18508
72566
36162
14349
39961
31362
22610
56109
36497
80621
97986
34797
24373
46616
56659
87884
93378
68521
6806
85057
81741
84293
56440
82032
63653
77524
56539
40219
39047
5184
26939
92907
93442
10908
83878
95928
38242
25031
36499
31188
48839
41023
13528
85553
18610
79233
80748
90749
3975
43158
78050
97518
88704
23545
69327
94810
77595
66862
62691
37801
1087
61439
1839
23012
49502
32705
4041
34737
84323
66372
58783
70087
41394
952
4019
11137
6203
95580
1041
41108
76562
22630
795
18876
58871
86867
72093
21844
14768
31337
58843
33876
10890
22853
97100
86354
83158
16941
89973
82885
16154
38730
42321
76162
70418
65485
25125
61685
72813
34684
55485
61249
14740
98795
69536
15740
66943
70256
43278
78428
11279
50977
72839
38124
31185
88853
29726
45941
50138
92354
53750
86655
93594
52088
55793
74785
20849
60846
96512
6554
31520
19572
47515
56302
33265
65388
24069
39903
33362
96619
28462
10498
54753
58923
41131
34620
15032
57913
55316
65756
64698
4025
40789
44708
30855
35856
54047
56708
71437
5521
56954
27399
1919
32870
32955
78924
44371
16980
34788
65765
52248
81184
5142
65570
62834
46838
57007
48314
90985
66012
56559
37917
73177
5292
10206
10438
61398
39830
77948
90125
22838
9753
79613
57637
29947
95826
78449
51101
33464
88790
76672
51352
32394
42080
21198
10467
49545
56389
91557
24085
94465
82756
62129
4296
10610
94546
50343
73345
95380
66605
45972
93840
10153
13224
24124
7119
37622
86670
49597
78185
6488
24369
65337
17344
23874
57330
27988
41326
5200
82677
8986
19427
36965
72476
70909
33052
31102
75023
1335
58066
73116
51259
13476
99457
4388
20340
7873
38236
83514
4008
10181
26970
20487
1417
15101
3941
20371
29073
48774
42652
10245
99633
12186
95526
62496
74007
44330
50697
48924
75223
32209
46060
52232
59735
92983
56747
63582
60341
39106
42189
164
35953
8387
46800
2989
96489
33238
43637
27813
7005
78147
5134
27302
9673
34906
5824
97448
62491
28635
27040
5080
4653
90290
21383
29828
95375
12842
87066
59577
82115
60592
86340
95222
46295
91146
75219
41620
20646
29263
35659
5743
50046
99760
79819
46781
54544
11713
48972
35692
77445
73392
95017
36684
71687
78936
65662
8127
48694
60300
4816
35358
86808
47757
51226
50970
36709
10473
91018
3644
14240
44886
88917
63274
73945
2235
74557
48607
21939
41038
51718
50546
41541
34044
39656
79736
52500
23285
76261
30479
8978
33000
13575
87731
99243
49536
23508
49905
21213
95957
86275
30780
89749
38636
84155
84213
30535
62184
3603
27379
69884
14408
54844
88659
2778
7526
22723
96186
60129
66594
66599
24353
88572
15402
44650
26305
30293
98412
10263
98997
65835
56118
69178
97639
22079
63765
57817
49105
89440
41377
48150
90030
67459
76441
94810
44264
17059
73349
16638
41112
97545
48822
84258
81954
83094
40024
56460
47276
39875
10990
23318
92643
51252
94110
70167
27449
64966
53040
14852
15582
86534
90954
48460
89464
9614
74368
71556
67366
76646
57806
15929
61014
33762
40076
62262
31936
50841
94872
78928
61675
4306
3251
99902
84124
24921
65303
52178
59433
69988
63319
226
27069
96146
66757
70740
28311
30150
53987
73928
93313
68491
99625
19460
12535
1132
12754
60811
93931
80126
59640
94761
16263
50174
72243
45158
95448
10621
2939
21625
66668
40614
78540
49882
17996
99637
19376
59735
54629
89312
30318
27701
99066
72490
1099
83142
59842
51798
7223
40555
4311
1572
50595
37143
54598
56098
64122
32262
26361
84104
39988
21477
72009
43556
96171
4507
43943
80788
99069
52471
36874
75957
54327
13338
40832
8541
98888
18269
20254
36389
49423
26145
2510
32296
27804
4368
19395
79943
27400
52413
73668
5269
7375
19976
27286
33191
20288
283
58550
7431
47847
94536
48347
86905
27947
24888
7572
38851
78279
74353
53814
53050
36846
25385
97473
36570
75385
81106
55752
12968
63919
86009
51462
16245
49047
54978
49947
7346
53387
76850
31083
60083
15085
94058
21086
4899
11029
34079
15268
1345
5589
54145
43892
79739
48804
99429
91500
84801
17346
53579
18537
46755
31348
54393
98401
64678
94694
17127
35155
86038
54882
23767
54124
28426
95225
44933
28268
52400
95234
88162
56015
6222
32092
26586
32410
64692
17055
46446
14635
74476
92098
43955
27149
95171
68079
78217
77390
4146
6545
74302
27676
17003
19254
97715
48662
88842
7648
441
66549
90146
33197
58014
95077
24702
27553
88319
20715
29978
26162
42150
91454
39596
72642
84546
60048
42619
9530
25216
91230
65277
51640
57914
23559
92556
81586
56317
70100
71989
54650
73050
75097
98351
66226
99901
95011
27969
94209
53097
28924
97985
86419
28330
1915
77896
83116
53604
38356
39042
88801
8450
85790
46151
35208
68086
89590
71083
3445
30280
64657
14063
55657
67582
84455
79475
51763
73330
57650
34312
456
74438
14128
34753
20246
19818
94752
63050
94178
40782
75400
47167
41895
67879
2089
68391
42267
7737
88911
61886
48173
53817
31080
34999
12254
4304
32294
60608
98624
8651
31198
23321
92571
7677
52230
720
64904
59506
25704
2126
32259
55245
54548
32827
53461
88301
48476
76398
77909
32214
63664
75244
14987
78000
68629
49357
77256
18515
21863
97766
44760
27488
7656
38879
74310
3020
9052
94810
91006
19098
95174
97524
20054
80761
44973
79762
43981
5195
63966
50082
20686
56842
71389
81308
93246
7783
14542
71760
86519
40699
4275
17743
52103
79972
46743
9285
75836
28969
98881
34581
5491
9194
53928
46413
88028
84427
30405
22580
42387
97561
15828
84189
60270
37228
85596
26424
8855
93554
81446
30757
42583
11079
82395
67127
36840
67706
47316
96162
82198
7001
72905
91011
3380
7658
27343
81815
59992
9396
74456
74515
41281
66342
82345
87406
48370
84638
4576
56118
22602
25494
92253
89806
21434
50979
82574
63764
17619
39385
53655
12242
58235
31738
2177
92943
93383
38692
68372
37376
28433
98769
34356
15103
18071
74565
8304
80808
61665
12454
20765
8372
22863
6100
71747
15430
69890
54471
96507
35604
33046
44192
3156
40250
97493
64975
27498
85216
45424
20186
91786
57016
30365
41383
9429
64939
96509
86352
39944
28422
90570
43284
10471
83583
4766
64526
20499
12205
46325
51797
36884
11409
89664
46287
17906
47105
18861
62919
20744
66759
27995
43858
41389
68741
75645
32451
14075
57565
41143
53999
74267
12925
26952
77213
53316
95955
33949
36736
91990
78153
72816
64149
92077
51027
61899
11415
2760
75633
58371
57290
65915
28447
40576
26557
91537
99317
69736
16195
37002
10069
26713
43099
129
11629
90277
19205
3221
29826
33492
4860
13975
22643
16582
98145
40411
94712
64950
20764
21457
43765
2591
99391
75608
30359
12892
44349
24217
8690
53871
86149
2590
23307
65966
20874
11199
1980
40483
78362
83149
8071
62959
92099
77642
89034
84405
13288
64535
51265
88154
90811
88638
68334
21832
89921
64068
36110
43123
53659
67309
18761
82622
56285
9739
45207
75575
59351
95462
65699
8837
88726
6611
8496
44345
37518
67398
32954
15710
47530
38933
85894
84259
95579
83204
15950
98100
4963
95843
78021
50410
89882
34197
44802
56511
58258
92929
26360
48366
23120
45110
41726
74866
40514
66085
12562
56824
85401
59968
23975
96642
80492
39942
33125
52482
48502
25672
68150
16363
44524
23950
73909
43051
40985
36478
1083
11890
17047
38454
71206
46529
31286
42085
10766
19746
88365
82461
66008
1760
84188
44739
45530
86142