64830
77868
97796
26625
8915  
27399
61290
3184
4213
65219  
5065
79661
98230
97428
15615  
45675
99911
3046
11352
31414  
36998
64872
49133
59480
60976  
14190
19361
31241
24064
66807  
29864
90940
17988
78891
68466
62352
61762
61310
77465
79826
1122
77787
36503
73978
4025
30719
222
41997
31791
18145
80454
73575
19924
15472
597
88324
33220
1846
41480
5475
23248
91357
87028
78568
61545
70174
52709
12694
8841
24248
72334
2027
58850
20979
32161
61647
86518
24382
17328
58205
14783
92817
77135
76408
58375
92700
90811
20607
81415
49000
26255
55010
76209
20130
75580
29129
28637
52616
98465
31772
40368
89434
46380
69293
99291
96028
22761
90366
68260
78315
78760
4345
29434
48430
11744
55882
1565
1503
30819
85477
25918
41335
7336
30955
17325
96908
77254
30350
16643
65548
41031
23606
14840
66263
61461
31464
9781
91586
13590
19273
70934
94229
20951
69115
94345  
85908
29060
35164
3087
89318